188
127
419
396
203
449
432
77
312
271
352
489
358
499
418
477
479
41
433
488
37
281
173
131
65
161
27
467
371
209
136
350
106
298
90
421
461
229
56
239
274
430
384
242
291
478
283
182
224
388
324
225
368
236
326
404
420
184
205
122
338
289
473
209
366
97
177
271
205
403
48
268
411
12
148
171
99
248
74
492
20
183
349
391
254
424
270
114
75
133
434
354
68
128
181
229
176
339
320
56
151
33
3
39
502
454
15
352
9
62
201
206
416
501
35
79
85
42
155
234
293
218
120
362
329
215
157
393
53
490
421
305
185
130
484
314
409
232
324
209
432
483
486
146
152
204
156
162
352
375
345
387
186
481
19
397
499
406
454
456
363
201
89
366
369
389
336
5
10
463
355
116
415
100
23
88
444
58
224
123
222
236
507
510
115
441
311
177
498
76
405
154
152
189
378
140
231
308
174
512
510
445
165
16
48
496
192
11
471
193
446
413
151
8
383
510
460
76
121
62
162
39
492
290
106
171
389
299
160
330
500
507
216
307
434
406
449
306
329
314
196
370
203
327
88
211
450
222
101
353
301
135
415
320
82
339
171
249
260
200
58
197
361
359
401
255
42
334
41
106
139
208
12
236
488
379
171
473
165
431
507
488
497
498
336
205
478
3
276
367
46
424
101
402
373
73
503
256
366
327
166
495
395
182
49
354
323
199
81
196
199
95
311
382
485
497
133
291
257
357
324
147
377
453
289
336
124
218
347
428
152
277
342
252
136
108
404
144
181
415
387
139
208
268
107
301
412
198
4
155
28
234
218
383
24
462
58
46
475
458
403
332
154
213
301
480
346
377
507
173
424
59
495
66
74
130
299
102
192
268
296
72
487
406
174
305
377
301
269
234
230
52
363
497
419
129
366
134
38
214
450
349
96
4
125
383
278
220
457
307
351
12
121
401
175
437
46
85
165
22
138
221
258
55
366
294
162
134
425
84
351
54
423
400
446
395
463
343
102
349
434
165
502
478
328
410
354
254
479
135
155
158
116
300
463
317
24
89
6
173
308
108
32
66
55
362
113
3
140
252
82
95
433
125
288
82
333
398
363
31
504
20
158
486
241
16
101
236
103
255
178
69
302
314
464
185
483
281
153
333
99
241
255
129
271
264
9
419
331
199
105
183
