5997
7145
3077
6507
2984
2540
7745
1283
4303
4590
7630
2894
177
4924
3929
5727
1074
2102
8087
6175
7623
5748
5932
5432
4298
3302
5797
4158
2337
1466
803
2774
8152
4664
6370
430
6303
2584
6377
398
2001
2511
8105
2940
7370
3249
356
4775
5110
3266
4133
7548
176
7210
6570
816
2124
404
6085
1779
7258
4836
5215
317
3792
2069
7760
7874
4890
7605
897
4997
1195
6896
3944
4278
5944
7990
7526
5870
7426
3976
6753
5551
4604
2291
5950
6162
776
1637
385
3905
6537
546
1068
4689
3508
6504
2279
2971
3389
4801
2460
654
5524
150
2421
7014
1516
2629
2103
2374
4081
836
7506
373
107
6735
5223
3618
6785
6409
2479
6922
1948
42
543
5831
8133
7356
5292
3985
1602
6924
7471
2841
3583
906
7784
8125
4491
4463
2591
4791
455
2803
6490
3550
2694
3342
6958
4619
243
570
81
5228
1824
7020
441
4272
5027
5830
1936
5063
2763
2045
3590
8100
3840
7795
687
3365
4910
3439
1524
2833
74
8171
4612
1726
7881
1198
7915
567
5773
3747
149
5181
6607
699
6106
1876
3698
5901
3735
5800
2271
391
3554
2594
7513
3901
5339
6087
6585
7265
4319
2262
2030
2326
6779
3905
5991
5590
5297
5700
5196
7385
107
677
6585
2834
201
3891
155
3507
3479
3471
1910
2093
4392
7555
5406
1455
2699
5174
1758
276
6838
1355
2920
4935
7324
4254
429
1010
4178
7836
7282
4224
3780
4565
4118
3185
7914
3617
5164
2651
4511
1156
4533
4660
7232
1878
2822
7962
5114
5435
5047
383
5884
1188
7390
6837
2728
3817
268
499
5638
3113
160
6794
4204
744
7091
1513
522
2951
1239
5172
5626
3105
1473
5101
3462
4500
2891
7977
1573
7101
3333
5204
5765
4692
2233
5521
2970
5122
7610
1571
4276
4139
3472
1686
2951
1237
5884
6333
1871
7359
4505
2849
3022
1426
5938
800
5092
1156
1597
5583
7065
2253
5898
3512
430
379
4631
4031
4633
172
3833
300
7383
1071
3181
7539
4518
7568
3499
2727
456
7570
6134
509
5223
7357
5421
1434
523
6338
6754
605
7135
464
2316
6931
833
373
221
1968
3592
5053
4348
2092
6153
2602
2511
3260
6285
3393
4630
7995
7066
1240
2270
523
7696
125
1046
6874
3653
2402
3141
941
6535
5830
4206
7686
5108
5765
4452
7256
2241
6000
5741
500
1319
5285
4687
924
4482
7070
540
6252
8146
1335
1833
1911
5025
2312
6885
4316
3827
5693
7136
1394
5842
6843
2925
5760
5766
1705
5583
7237
7135
1237
1424
1893
5400
1820
5317
5296
3922
8038
2993
3633
7379
2555
8128
1794
3739
7281
5148
5124
926
1615
1952
6829
254
7754
2943
3056
5249
2688
6394
1501
4794
3435
4363
1771
1079
7794
6689
3326
2793
4094
269
3401
3941
31
2904
3273
7147
330
605
2606
6835
6726
3347
5433
4657
7243
3920
1437
2967
4706
4875
2223
1649
6856
7241
6938
7255
4486
736
4130
5770
4390
3190
3356
1635
7008
2517
1069
853
3942
6304
2261
983
7968
5934
2685
2565
2208
1119
533
7074
3974
8102
6129
1192
5236
7042
1130
2926
6632
6700
2436
4015
2263
5044
3270
3854
1923
1867
6366
365
3771
5636
5732
7904
4342
2619
5437
3249
4375
60
7623
1347
4437
1464
7701
4304
7125
8029
5651
7897
5300
3725
701
8066
3899
6933
1845
6648
5552
6817
256
1089
5222
1354
1696
5996
7650
7515
1158
6361
125
354
6323
2339
1749
242
387
4131
3654
7224
1546
4931
2948
75
3862
6649
2250
6178
3695
2200
5618
3538
115
6812
3530
8165
565
7449
6404
4534
1990
1012
5058
1978
2879
6096
5180
7375
2671
4148
7492
7434
4125
2352
5510
5471
7209
2959
6785
1001
7674
4979
3282
8138
5439
1508
2519
1203
2401
2136
3496
5952
2036
3418
4425
5298
6702
573
3224
4430
6613
6178
3271
4588
7215
3618
183
787
6049
1444
2111
7401
5209
6385
5401
4076
7447
7844
4198
4690
450
7148
655
3878
7653
6126
4683
766
6577
6882
8099
4416
396
5225
1967
2621
6034
2654
4916
7479
6681
6515
3390
2211
952
1225
7597
820
1032
7083
6082
5393
8001
4857
7505
7123
5563
6764
3688
1526
3997
6009
2991
6712
3460
3420
6742
2660
4488
855
5299
6909
1823
4528
7853
1221
2473
18
5005
4851
3129
3024
2116
6283
6175
3009
5607
3740
3958
5711
6478
145
1213
864
945
5664
3610
6193
839
3388
2781
692
4121
367
4688
6851
2155
6133
7696
6641
2035
5428
7899
4695
7706
3289
5153
7929
2639
777
3237
1378
642
1026
5450
4760
6517
7781
5010
4791
2571
274
2210
4597
7469
909
6558
2468
5089
4674
2335
6378
656
3773
5675
5617
6440
3944
1754
5056
594
6076
6961
3561
1872
1526
4221
1378
7146
4302
2736
6573
3104
4174
6666
6846
630
2048
1195
4436
2299
3377
4225
1226
4073
7856
4257
4707
2823
1901
1308
56
4974
5375
3413
3433
1741
7795
5953
3200
6541
1511
2669
2477
4102
1466
359
7099
7977
1145
6475
5882
6469
7015
2970
6464
7130
5066
7473
7365
4909
1533
1410
1722
5334
4328
3752
2585
2055
7507
2574
7700
5884
6424
724
6856
3703
7267
4165
555
3394
7847
5414
5278
1314
6137
3822
4354
2095
6986
4279
2667
6442
6592
7193
8114
5022
293
1617
6890
591
1891
5589
2846
2466
4692
7414
1715
435
2848
1705
6146
3006
722
7285
6788
2858
1370
7844
6562
3940
6506
5248
2657
5390
1606
305
17
5887
2661
5718
5682
6048
2844
4122
1439
1669
361
7173
2462
2808
7097
1385
5814
236
19
3559
7975
4511
3046
6185
8189
901
7049
7665
406
5609
3839
4936
3175
1213
7521
2060
5879
4397
7431
4647
1875
5430
6899
3978
3491
7698
7594
940
3744
1252
6701
2970
3542
6670
2062
760
1352
6443
5092
8015
6552
5741
1485
1045
2205
5548
4487
5541
2270
3593
2997
862
2323
5853
1773
1727
4319
779
1160
6021
4874
1058
264
2372
1003
3842
6187
6265
3265
3738
3839
423
4605
4018
3387
180
5190
2650
3390
231
2737
5105
7007
688
6871
4456
4320
5385
5666
7681
523
428
6866
2615
7625
3947
3244
7141
6629
4874
4606
7933
4768
6104
1123
6681
7763
1268
922
4049
3030
1781
6029
4663
6432
7984
3150
3803
2489
6026
4161
3350
2986
3170
1456
1184
1419
972
3009
7926
1860
5153
6107
4554
5747
6841
2836
3146
527
2498
1296
1152
4364
323
1711
1741
5591
4040
5669
187
2868
3040
6155
3203
7146
3428
5666
3519
440
1751
1620
1379
858
4496
11
5692
1612
7780
6730
2139
3702
7863
908
3393
6711
933
4570
5486
6305
6669
5089
6047
3316
2042
7389
4298
7998
6928
4080
4079
7685
5712
6855
391
1686
6634
6983
6897
7687
4250
7185
1806
5960
7872
5443
2686
7438
1920
4712
234
6390
6192
7778
7902
6958
784
8148
1800
7308
1177
2900
4284
3079
1297
5909
2880
6827
8
539
4522
3849
4177
7882
4408
603
4081
1831
7545
1044
5146
1266
5774
4200
3609
5886
3162
7936
8124
2463
2921
2389
7529
3264
5174
3184
6120
7624
6765
5665
7595
1625
3881
8033
3671
1617
5951
3981
7787
5380
3503
6304
5131
923
7086
5120
7574
4932
5236
2140
1844
2807
1462
6521
2974
4424
2154
3558
6041
2456
2947
1919
7490
3365
5935
4748
1820
4030
5822
1111
617
7735
7779
2693
1994
1790
3410
1337
2480
6491
4628
2464
1438
6059
7180
6810
2463
8102
2297
4477
2046
8099
7759
29
6862
422
1178
3027
1437
6088
7752
2823
370
1794
1088
1373
1378
7605
512
2720
6432
7420
4830
5314
6029
3162
2990
2853
2784
3557
2763
1231
5189
77
7881
3725
3047
4180
7586
6733
8040
5065
8010
5523
6814
5769
2850
884
5439
2697
7586
17
2021
3354
6008
2594
6292
3780
6129
7413
5051
2981
8169
442
84
1718
2065
6314
7902
6888
1084
7811
6597
3425
7690
5132
3591
354
7162
3660
7200
6458
1941
3730
6132
539
6145
2303
773
6329
8023
5018
5229
258
880
945
3910
1752
4492
1350
258
5357
4753
6571
2051
4281
4047
3768
3923
4308
4824
7370
549
6635
4817
7123
4368
7351
7320
4484
4291
7605
1723
3642
5935
4640
7591
702
3853
6721
5656
1398
7175
6379
5027
5778
4825
7529
5918
5058
4960
5798
5387
7937
1793
4910
2101
329
8126
1403
6670
2172
3390
6922
2725
3357
4473
5963
4155
1044
6450
2931
1389
3455
6791
1594
2054
7189
6388
2551
3616
2196
2324
7582
5999
1942
4939
6830
750
6893
854
7399
693
3232
2184
699
1727
715
2135
6598
6799
4174
6325
4054
3986
3428
934
6001
1732
6472
6299
2554
3874
3786
3394
1683
1227
717
5868
1147
3845
7575
6971
3114
6988
3469
7057
4328
867
216
6122
1324
1586
8004
1293
92
6779
6419
7642
370
2645
6962
4733
1765
2871
3269
2495
550
5216
2865
1201
6391
6663
1279
812
1671
1037
5200
3453
7145
6477
4163
3587
7547
2939
2438
584
183
4544
4147
2252
2845
6594
7220
5522
7006
7933
2535
3975
5916
135
3039
6907
348
1486
2389
3773
2895
1500
3485
2590
3834
7029
1409
2014
2487
7739
3959
5710
1336
123
5520
7771
3485
7647
7431
1065
333
5500
3679
7182
1358
3452
108
2447
6894
3440
3205
5093
6275
5017
1434
6536
8084
5877
30
768
825
4755
1537
829
1863
1341
1576
2757
3417
4782
5981
524
633
2347
5799
6570
5448
4164
624
1156
194
3140
3854
5303
7698
3975
1365
2255
3420
6438
1539
4402
6541
2540
6389
5868
6271
4143
8156
3048
7040
1242
6692
7117
7114
4879
2708
2845
1148
1459
5297
5209
7208
5904
7296
6198
441
1247
467
5084
7353
3022
2655
8095
6912
6157
4865
8073
1132
6982
1976
1959
4158
2902
8036
5931
817
6146
2059
4680
7708
2448
7146
4894
3004
5968
8096
580
900
1407
3268
100
7173
6000
4134
270
4548
4176
6981
5470
4321
3233
8161
2412
3460
3357
3014
7320
41
1039
4443
497
4236
7645
5428
1739
4363
6308
3611
6847
4841
7092
5838
6660
867
7107
6203
2879
1466
2810
6293
2476
3322
4866
7464
5840
6782
779
1967
2536
1752
1019
3886
2737
3967
4671
6671
2219
5346
6231
7148
5036
1161
44
4998
8055
7984
3648
2868
5992
4820
4785
2636
2732
7855
3176
3121
2911
1949
1508
517
7699
1495
3297
5661
4865
4781
7041
528
2544
4665
1802
1619
7828
6292
1028
3835
4332
5399
3799
3775
5584
1059
2574
1735
3252
7961
1738
5696
2936
2890
6248
3215
3617
5777
506
8171
2663
296
2877
4644
1377
6076
3201
1656
240
447
7923
1261
3973
5061
703
5798
1166
888
6492
3965
2161
5445
2800
5550
7765
1843
7578
503
4911
71
2171
2134
1985
6484
6047
2427
3627
4087
7560
7076
6084
7404
4509
2457
7655
7482
1388
376
6497
3506
5220
2748
7756
8113
369
2539
7984
1595
2841
1385
411
7607
6552
7564
687
1408
847
7188
3024
37
5123
7453
6735
2404
3070
5163
4600
7104
8093
4297
3760
7069
2157
4861
3813
7277
453
6965
5508
777
1953
3033
6474
5467
680
5186
6180
3355
5492
2787
4922
3478
6419
937
3042
4536
2039
6868
1975
4474
5265
3355
932
3968
585
3042
6331
8141
7051
7648
1138
1848
1446
7902
7951
5196
869
3945
2575
4750
4574
2461
3306
6588
4454
6823
3281
5440
2049
4214
1328
4762
5463
1380
8037
5955
7317
3275
2789
2508
2520
1349
329
4902
2584
2362
3895
7113
6738
2947
2601
3503
327
542
6214
1240
7066
2253
6795
572
2552
5110
8087
6707
2627
6703
1911
4915
1542
4373
7413
2564
185
5710
292
7779
3899
7412
6446
4440
3896
7576
8160
4829
6591
1397
7181
1860
4303
132
3787
4238
7688
305
4483
2477
638
1125
6453
4461
4068
7659
7161
585
1224
2469
3507
190
5031
799
5193
392
3021
5578
6498
5812
5933
6796
5092
4445
5962
2026
3568
3361
4543
5000
4674
730
6585
1969
5742
3553
5281
3528
7323
6117
7402
3456
4383
5114
1387
1338
7597
1367
4721
5518
6094
7781
5114
6771
2825
529
5958
2154
5228
1506
7993
2583
7761
3236
1024
134
5408
1792
1677
4490
609
882
3625
5902
2316
7703
6467
47
3927
6707
792
2430
1658
3246
4563
2630
5153
1030
473
5626
4957
1633
4205
7551
249
4709
4010
7617
600
5884
5806
5934
3083
3930
4523
4998
4286
5189
7677
4342
71
7326
7748
5838
3428
7026
659
696
3626
364
6657
7675
3136
5393
1695
5984
3842
3546
3440
5620
2087
436
947
1577
5399
5353
5327
2258
4701
1650
7158
2775
7622
5491
5676
3171
3774
4589
325
5438
1673
7776
4044
3509
7106
295
5610
7009
655
2994
3737
2118
1735
1848
272
351
7264
2067
4968
5599
3932
891
4277
1865
3533
2502
7678
1930
8086
1934
2897
7893
2109
2559
7592
116
955
4378
1266
4585
2068
6856
2384
6394
4305
2804
1581
7874
8156
455
7187
645
4089
1526
5804
8053
2705
7529
1856
7239
2982
879
2489
6253
2094
5644
6083
1348
1082
448
175
1133
3181
5615
4886
6551
6813
8052
5572
1156
7551
6381
3768
3869
2533
6570
2326
8023
1832
6160
7506
4432
5185
2151
6791
5363
7836
1340
7584
3152
5056
1550
5214
7008
7197
6250
340
3239
3257
1740
3408
7157
2363
6661
1309
5029
3589
2452
5109
639
3410
7443
3858
8098
6749
7626
2640
7417
7601
35
7610
3040
1682
6010
5517
3525
926
3328
13
5412
2444
6050
3241
2556
2079
3420
5541
7827
3417
1697
48
2673
1121
1489
5788
1457
958
1207
3547
6142
5425
192
6995
3314
5419
1784
5196
4708
220
1963
3759
375
5646
5839
1462
7468
151
7145
42
831
1278
5874
3025
7849
4421
3765
3886
7749
2887
2583
3047
4955
4938
1190
1625
3965
4563
7830
8056
662
5585
6637
4874
542
5541
5549
1095
387
4046
717
5363
2037
341
7637
7779
1595
8111
1751
2347
2792
3168
1326
1808
5833
4739
5573
5493
5706
7508
963
3370
7863
3128
4550
4698
7159
2338
1276
7688
2497
5165
1383
1492
925
2116
3151
2420
2834
1113
4674
3130
512
6538
4822
6104
5771
1231
6620
4660
2677
2763
2598
5961
1084
6760
4931
130
1566
221
3174
6809
7775
7420
3605
4453
6921
6812
2637
1325
5845
2166
3795
6026
4226
3587
7511
1739
4920
3003
6271
1871
1668
671
1829
7218
1374
6477
7349
5464
886
4592
5803
963
556
3873
3469
6237
3558
7326
2161
6420
6503
3631
3009
4151
8008
2712
217
5829
5924
3519
1987
282
6443
5266
5629
5003
4719
7036
1410
6171
1996
7829
613
3537
7300
3842
2263
3340
838
5534
2693
235
2309
7766
959
3527
3078
3471
7298
3932
361
6317
3980
4103
4006
2298
7302
1841
1227
5490
1942
4354
6306
416
1905
2051
6440
8067
1515
3317
1486
5831
6791
7595
3084
3879
2491
5329
1504
5556
41
5984
3729
324
4979
7512
6071
273
145
68
7017
1766
894
4340
6539
3361
247
1317
3515
1576
1769
5257
8068
6401
5211
679
7257
5171
6216
4027
7582
133
1710
3976
3804
4063
4952
485
2370
5742
7654
6228
6410
5444
3859
8017
5177
3094
3085
3143
5337
1110
1016
7425
1338
498
6678
3779
5192
1895
5019
5536
6531
4988
3313
7475
6702
2627
4743
3846
1931
2449
3303
7861
5133
1862
7888
7661
3100
5971
2818
402
3790
5553
5055
5208
414
38
242
475
5462
6967
3637
3920
7359
129
5483
5456
4502
2707
5511
6559
2582
4001
2505
489
2016
4522
6600
4895
3500
3444
7495
5950
6134
924
4736
8036
4070
3665
1756
7740
6246
1506
29
2677
4745
5487
2148
5989
7799
4957
1669
5962
7455
3898
3194
3374
6160
1292
2102
2545
2379
7681
7153
5800
1199
7646
6098
5653
5662
3509
160
1600
6044
5599
207
2767
3280
1736
201
2230
8017
4301
4188
7582
2490
7267
283
2605
5371
3295
3249
6261
2505
6053
2788
4491
4852
2140
2819
2504
3858
1956
4284
1555
484
8034
5043
2462
1682
1400
5541
8072
4651
5883
70
5024
5522
930
4386
5834
4641
3969
6143
7224
5776
2444
3735
2898
410
3581
1546
1480
5089
1572
5839
6540
2063
4868
5961
4896
6609
4043
4154
3723
3229
3420
7712
1351
2628
5169
3354
7952
7702
8057
1930
7377
4450
2019
5762
2705
7463
2216
5927
6628
5414
5048
1958
7726
5015
3469
1770
4659
6442
3443
7858
91
4471
5971
2910
2345
5212
6481
1790
2880
3089
3531
7794
1175
8129
876
3100
666
4680
3688
4384
7979
5062
4669
7660
325
5887
4317
7978
6680
7430
1717
4990
4911
5133
2529
6285
2115
2546
4799
3389
4607
7970
3443
2367
8046
4085
1090
5769
1333
5616
5032
6680
1734
2396
6389
4987
6689
2004
5617
5338
7768
5237
1719
327
1174
6429
7796
390
6121
2283
7242
5719
7846
1788
6139
7223
4033
2481
6066
736
3188
4876
4758
2318
753
4172
2471
4938
126
4687
2062
3760
2240
2462
6379
905
7523
1371
4826
51
5576
7377
5251
3358
7085
7790
820
7246
2443
6742
310
272
3244
3554
1953
501
6681
7016
3302
5114
3830
5782
6407
4485
7561
2519
4508
970
3503
2459
1612
1535
5655
7251
4756
3473
4411
7022
6160
701
915
3291
7829
1385
7815
3331
4891
113
5136
3395
1392
2827
424
8095
7850
3901
7577
344
4506
2925
2310
7316
933
3040
5087
3685
6966
608
2006
207
6806
2865
3766
7506
3868
7875
4415
6124
4091
308
4462
7965
2747
2213
244
940
2370
2118
5859
6806
5383
4657
4774
4691
2221
2305
4962
1781
1218
4873
7982
398
4864
7331
861
6156
3577
4420
5362
6968
4023
6645
7431
1903
6802
3082
2136
7794
833
4030
4843
4400
7487
6464
2535
317
6796
12
1708
2898
6757
4759
2318
1480
2031
7367
5392
5215
4030
1484
3351
639
2892
4111
1926
4122
4570
168
6508
5336
2573
565
4967
2187
1516
748
1735
1208
5978
4891
1080
3618
3705
7939
6248
325
6595
7714
7206
6921
4853
7668
6934
6092
6489
7610
7464
3122
7291
5058
2824
4696
4067
7952
3333
5635
5418
5892
5767
3450
5325
3645
8122
4868
3058
306
5253
2992
3864
6331
1433
2107
5090
7358
4352
6328
6496
5608
1430
7534
3167
4804
1147
4096
5855
5263
4167
3779
5851
971
2168
3949
7180
6307
5391
2505
5881
7571
81
2661
600
7537
6390
6456
4956
5077
7263
4384
1065
5821
7646
6451
1946
563
5355
5396
5416
3692
4236
2360
4877
2960
6881
7483
4767
7278
5438
4437
3228
1377
1485
7136
120
5099
1139
5533
204
1401
6452
2948
4415
6832
7313
7490
7593
7479
5844
335
4663
5921
6444
553
3975
3813
6143
373
124
5399
1453
4635
4518
6272
5530
5331
2253
4912
7966
1094
5958
2820
7431
1787
400
6208
4088
1031
5087
3536
4009
4293
3390
7115
191
5482
3196
887
4917
1375
828
5244
354
56
142
2046
2728
7891
7687
1236
4401
7124
7625
4116
2595
719
7987
84
1649
2177
6368
3489
7052
2403
7343
685
2685
6704
3148
1924
5704
5462
7784
3723
3185
5428
1680
2351
516
2220
6215
720
4738
7888
6808
4685
6886
4021
576
2868
4332
2519
3914
8033
5424
527
5865
1107
1472
4876
5756
498
3791
4830
6378
7051
2442
4446
8159
2419
5833
6227
2138
8180
3864
4981
2488
5573
5435
5798
2775
1058
3967
7806
8059
4332
2522
4974
5115
5973
7079
377
1465
7945
2992
1093
6045
267
410
5318
762
4748
4650
3699
7182
2810
476
1807
1674
7691
5681
1369
60
923
6181
1803
113
5616
2424
576
6288
7866
6875
3350
4361
6599
6861
4594
1280
4460
3488
8160
2846
4005
8099
2977
5035
7223
5483
3331
6285
7113
1455
4191
1305
2095
1943
4254
1999
2874
743
4966
6646
2814
4458
3706
23
472
5833
331
5633
4617
4750
3004
4576
751
5446
1839
6287
7669
6921
2424
4914
7956
586
6869
4318
7674
3142
5872
4356
4780
7242
6524
2885
7601
1233
3497
6812
3630
5355
7486
7154
6152
8026
2534
2010
7132
43
1947
1247
8029
1970
6036
6366
7755
5439
5062
7747
1219
7029
5632
2957
6085
6032
3109
937
8126
6170
1065
752
3130
807
7276
5014
3009
7460
7140
7301
7686
1276
3231
3175
530
1870
7018
4359
419
7811
6428
7907
1206
117
7008
91
3286
4876
6369
3530
6731
4125
4793
2995
7103
1605
5363
341
714
385
4689
1321
2216
1189
6885
5773
4705
5635
3962
362
844
2305
4160
1028
447
5628
1827
7764
4301
5684
7576
4179
576
1513
6818
6298
1868
2085
3541
2695
162
4841
922
4852
3774
5407
6487
6508
6675
4003
7638
6767
5178
5865
1104
3184
7557
6562
3178
7674
3494
6787
7346
8092
1638
5950
2739
6749
2387
1574
7679
7145
3583
3900
2654
2094
4041
7781
4113
1546
7651
1351
5356
1695
5517
5673
6647
1913
6148
2427
401
3120
8059
117
6882
2160
4141
1331
4048
5566
3554
4012
2299
3371
5814
1133
7019
7309
297
2940
6384
5554
5520
2296
2020
3396
5778
3335
2281
7450
7886
7119
4092
3099
5170
162
5758
1017
1808
4347
6441
1469
244
1225
2351
4513
7751
2898
854
168
6173
8097
4551
2157
3727
8070
2733
6180
1908
3793
2812
2868
6878
247
4997
42
5070
2308
2183
1219
1685
1730
18
2269
6512
1280
6092
1555
6923
5255
7105
4236
1125
8094
44
1176
2402
2171
6556
3164
4220
2230
4320
2032
3353
8023
6536
2614
347
5709
8007
3305
5875
1714
885
2454
4284
7721
599
2987
2041
6011
2094
1393
2944
7985
5868
1948
391
3116
7349
1632
7673
5822
3192
6465
2408
6518
3986
4810
1152
6507
659
7515
6229
7190
1768
4572
5877
2944
7633
12
7449
5020
2695
5774
5257
668
3357
6089
4108
8169
5775
2322
4298
4317
211
4481
114
3641
4525
1925
2990
6435
4523
3654
4283
4762
1380
6608
5062
5313
1919
633
7817
5023
7988
6412
5305
1112
5837
1869
6341
4178
3801
4098
902
45
1994
307
2040
832
2126
161
5871
8145
2752
158
3200
6575
1943
393
992
7542
856
5676
4653
748
4312
3868
3205
3804
3923
6218
4638
458
2175
5322
5182
3135
7473
3557
4561
2397
1505
7572
6995
1349
3086
6340
381
1549
3550
1538
783
5208
2055
4549
3060
1317
5043
5675
1376
6800
1347
4627
6027
5894
4976
6026
744
4247
8119
7723
388
2862
5112
2260
3843
1218
7843
4688
1225
340
7636
294
4853
4826
2204
3031
204
8149
6301
1076
20
8154
6140
6015
5793
3523
2565
6785
5222
2623
5981
2757
4229
5596
22
4800
3566
3869
6845
7416
802
6096
909
1274
3680
7370
3023
5277
4134
1591
1953
1080
968
3406
5853
3686
1734
405
2561
208
2607
3453
4494
1243
4364
3054
6176
5023
1817
2299
5582
4762
3048
5210
5736
493
6463
4124
238
3271
5154
5919
4670
462
7579
4600
4626
2101
7041
1241
6459
78
7825
5034
732
354
8088
4682
1637
1222
654
1324
2587
5729
7883
6747
4486
2113
7482
5325
609
2411
2144
7433
3393
5084
229
3021
3337
7081
374
8141
1507
5771
5532
4394
7762
6550
4865
1867
7504
223
4075
2862
2045
3347
3075
3566
4061
5275
748
7403
5593
5398
5988
63
581
5733
6165
2619
641
8103
5615
1466
4708
4331
4779
895
4727
4255
6970
5118
691
6984
3472
6601
197
7793
5949
6691
7152
6059
6071
1211
6678
7675
7845
6949
2254
901
5683
5332
2619
5938
2328
4172
7405
6109
647
1921
7134
3664
7852
1912
2740
7836
6259
5581
6970
4040
3350
1373
801
2298
4158
767
4689
323
6457
165
5895
7040
6396
1565
4173
7816
6861
4356
4755
3392
2608
1973
7528
7943
1578
3159
4699
595
5258
5361
446
1939
6982
988
7339
5335
6008
6491
8003
898
286
1203
6690
3061
2979
2685
3602
2388
526
2246
7705
3543
2628
4802
3604
2220
1944
2133
2495
1933
7643
5327
6665
2628
7004
6233
5170
5474
6766
5342
5588
1599
5926
5887
1615
1592
6704
4940
5309
524
3860
5519
596
1513
1802
2567
3199
1238
7962
5640
7637
3309
4655
3591
5779
50
39
4810
2044
1723
138
3749
860
2731
387
8123
3680
5313
1405
3585
6536
6757
6149
1609
4142
2304
1297
6226
2044
4098
1786
2232
4568
2469
861
4986
4493
5272
5558
7492
2756
1609
150
7333
3989
4462
4337
3717
4865
8131
2011
3964
4996
7407
65
1205
2129
7359
2688
183
3916
7680
7706
2653
6238
8086
572
3495
390
7621
1019
1791
6449
3371
590
654
3101
1945
7299
2931
6552
4319
6732
891
6927
4040
2654
1417
6247
1763
5368
5509
5366
870
3350
949
7166
5270
4657
555
6063
7777
1041
7543
4841
5572
7322
4819
421
4277
1037
6717
6851
1529
2658
4132
6883
6267
1205
3735
1024
3677
5148
1883
6468
1083
6654
7811
1954
724
5469
5985
6070
4052
6174
940
1866
7267
99
4047
2741
7667
2349
8069
6260
812
4291
7604
709
4338
152
808
2330
8081
6331
7266
2521
6064
6829
4582
7793
4189
369
1053
6476
1491
5588
6025
1467
2837
13
7437
3097
639
3837
6214
2987
5086
6211
4687
3032
7570
1059
1641
4164
941
2194
8095
1772
4357
5577
2260
4961
7612
3350
7052
835
6914
5015
5475
419
140
908
4267
6890
5356
4183
4952
6618
2804
1448
4586
7825
5236
1715
1021
6244
6955
1721
6255
7713
7558
604
4788
4189
7110
1540
1329
4181
5825
2113
2459
6655
558
6427
5350
53
3527
7363
7455
478
4649
4101
4703
2626
1464
2038
3765
3612
2923
168
6677
2816
1966
5649
3609
7449
6263
8106
4359
3452
7185
3457
98
5272
2372
4759
2490
2629
4935
3077
3412
4252
6268
6588
5015
7762
5380
4511
1372
7886
3949
4059
7032
3348
3939
4622
7581
5500
4858
2691
6073
509
4513
5345
922
7380
6974
8049
5804
7054
541
6210
1775
3391
4044
6683
3033
5385
5143
5049
3498
5956
7089
31
1781
924
1884
7788
5847
8109
1739
1027
5893
4353
4848
8045
5849
5681
7465
4937
7342
1846
868
3795
6705
3351
2438
1950
6201
4
3715
2972
5468
7667
1328
2678
4695
7915
1950
1115
7036
4547
7679
3878
6714
1246
6810
2029
395
4694
4661
2341
6185
2874
8114
1960
6350
7956
637
4813
295
1607
5768
1407
2398
6369
7036
5276
3819
5984
1306
5843
3220
5903
6820
1437
7892
5104
5566
4050
5940
6857
5472
4932
798
6207
8005
4956
3128
7906
3549
442
795
1003
775
2219
4899
3884
1528
1333
441
6651
7794
6648
2005
1289
1863
4516
1339
3875
4231
7857
3539
7750
7755
1948
1906
5874
1882
4056
7690
8108
3901
7202
2917
7026
3742
7756
3095
5675
5174
7309
5081
6813
3543
6413
7968
4067
7834
106
7586
2571
3027
1135
4706
4532
283
6380
4429
6938
1175
5027
656
7795
5081
6188
6428
2231
2015
748
5933
6712
4470
516
2794
7131
4105
6935
6679
3758
6709
7459
262
3245
3071
3578
2939
5303
6541
3190
4520
5179
4765
8141
5490
3086
6880
6087
4649
1408
682
4732
4245
4880
2878
5651
6567
7291
4215
1557
4573
7982
6268
1211
1610
7902
4299
7350
6683
2537
4385
7252
238
3043
4281
2168
6273
7878
7404
1706
7289
4015
6817
7950
912
5087
6935
6389
6302
6796
2688
216
5866
6467
2468
541
887
7488
1635
4217
2176
4782
4195
5746
4550
400
5045
1032
1182
7063
662
2293
2888
273
5830
553
5723
1759
877
5611
5892
7200
4052
900
4360
504
5078
810
2840
2026
8074
5171
5933
7850
2906
2082
1013
5182
1222
4326
7363
1801
6694
2668
4242
2261
7725
6325
7241
1185
3974
807
5041
3492
1009
1704
2416
3634
7794
5700
5566
6820
2271
7470
6161
7890
6420
1624
1894
2442
7581
499
4916
3501
7280
7771
671
5783
3546
6552
7666
5872
1699
1618
3632
1497
7369
249
3840
1272
5240
128
1941
7885
1350
3316
1984
3113
1619
635
8020
640
4506
402
4288
5182
4286
19
1459
1814
8118
5856
1923
5975
567
3506
8186
8049
6268
944
1174
4455
3590
7282
554
1749
884
1488
5343
4623
4949
7137
5514
3588
5144
6990
3636
8029
8173
1032
2524
639
4777
6556
3381
6473
5962
3571
3527
6211
6204
1408
2444
5177
4352
4511
4680
870
7312
498
1438
3127
3270
7653
3532
2264
3039
7213
4062
746
1691
2451
3296
7272
974
2128
5596
4065
750
5259
266
1576
4173
3127
3154
1272
6357
5258
2546
547
3075
7475
2913
2110
4042
6815
2401
6985
949
6546
4925
2313
5759
7502
4168
1367
2257
2051
7065
8012
2529
7880
6531
4465
7458
1271
5928
4805
5474
8038
5767
1541
4186
374
5246
6882
2342
4663
2738
1141
2062
3795
7879
183
5851
7191
5013
7674
7014
2038
4783
2507
6983
1391
1785
1284
3491
6929
1781
5324
4339
4963
763
2400
1362
1457
3103
6354
8083
5859
2325
823
475
347
982
1039
5138
1709
648
7158
1501
2040
1651
2137
1669
3337
6924
1044
4745
7550
7239
6730
3438
4766
5689
6535
1791
3975
6215
806
6434
7545
1203
3246
7805
7035
689
1568
3675
5615
1941
4183
223
2389
7262
7923
5183
2759
813
5496
733
768
5738
2626
2193
689
7583
7175
3604
1939
1524
6008
3026
2729
2701
105
5329
3538
183
6255
6037
8124
4717
8102
4676
6767
3393
7290
4725
3598
6838
5286
1439
7383
2209
708
5978
2015
5022
3467
5453
4169
4958
5009
2353
3282
6306
2605
5988
1881
167
6165
4159
7282
688
7059
7436
3309
1174
5687
955
7831
1312
6221
4221
2081
6531
2013
2186
2281
4727
2656
6131
3960
2141
7367
5427
4731
4664
353
963
5136
3342
4727
4997
7438
1720
3660
4727
1678
5619
3847
412
7996
84
7822
3004
3538
7285
4645
7754
2936
794
4241
6539
6767
3305
6890
6167
3435
5183
5652
7911
4679
1231
4519
635
490
7817
1899
5180
7329
6299
6679
528
1373
7978
3795
2866
337
5442
3304
3820
6447
6180
2989
1686
5310
3518
5858
7030
4702
6615
7082
3788
3724
6604
100
7790
541
4833
6796
6117
2577
6449
2386
4124
5352
7160
331
3177
3507
5591
5114
7381
7512
1277
6694
7810
4507
7964
3292
623
1374
250
292
283
5682
4531
5552
602
4986
4193
8055
6978
4128
4492
5984
1932
4353
4938
7170
2527
407
1565
287
5501
2872
277
7248
5802
2022
3497
548
3314
695
7999
1800
3839
4224
6375
6163
2940
816
5857
1015
6662
4533
5797
7503
977
4421
5820
5531
4967
2462
1523
6425
1938
7415
1862
7432
1669
2251
3449
3739
5681
5269
5825
746
3601
3706
6026
2167
263
3847
3292
8009
5244
6480
3245
980
4605
3000
2027
3495
7078
2443
6473
2135
67
6965
334
1009
3306
2307
5928
2503
7716
1331
6950
153
7789
335
6312
1186
2811
3907
1788
5933
5985
6560
4416
55
5597
838
2959
2722
2743
1018
3672
8002
8092
7482
3953
342
7801
3261
802
2958
3645
7610
5828
4322
1501
1889
4990
4442
2068
288
5068
1690
5341
6321
2994
3281
4664
2798
1198
3465
1515
190
3583
7720
5136
4541
7220
939
3365
1564
4867
4232
2351
433
8170
5633
2093
8178
1772
7195
4835
499
7043
5643
7830
5573
4999
3381
1067
3465
2038
2836
7334
476
1598
205
3355
95
3133
1711
6364
5724
6426
4598
5600
5913
3649
7586
3228
5487
5878
1145
1536
2790
1014
5491
4338
6598
7426
3576
420
2607
5937
6801
2657
5923
7882
6547
5382
5041
6736
3117
6476
406
3594
342
5485
2854
87
6290
103
3675
7285
7451
3935
7517
2210
1998
8036
596
7126
4110
2814
5440
5339
2651
7629
108
2000
3150
460
7141
3953
3678
4302
1315
1166
6040
5214
910
326
8192
1663
5338
5852
5209
709
4081
5853
4177
4590
6016
3071
4056
8127
3595
8152
2549
5391
3699
4808
6314
3359
6692
1820
7145
6257
158
2907
2037
1775
3210
7796
6256
1111
1247
4136
5243
6999
3089
7716
4413
945
7193
4267
6085
1652
6422
1870
6593
7969
4690
1395
1087
907
1138
4008
3460
5402
392
3360
1634
122
4966
7551
571
7123
4339
742
2961
7257
3134
1160
3150
4782
2212
6484
3734
6058
3843
1685
4188
4695
2973
5877
5176
6841
4678
5830
1336
1494
397
7851
4520
5641
7613
579
1983
602
3489
4703
2806
245
2801
3901
5328
4244
234
7404
4422
7182
4121
6483
1429
2041
1307
1806
1703
7895
441
4633
1853
6971
1892
2859
4373
7164
3405
5372
6436
1286
4997
1248
3691
2875
4626
3913
844
1219
5170
6966
2191
3498
3181
6063
4872
3332
4133
8053
7019
1817
1357
5117
7298
2035
6739
3728
5590
3802
112
6288
1479
2547
2035
4136
6869
558
6942
594
6875
3932
6157
5169
2574
3131
4260
2728
6742
6160
3742
3921
7362
351
2663
7260
3785
6758
6231
3599
4074
5946
7987
246
835
7857
7238
2031
1174
3834
4068
6027
4121
7548
3536
1456
5384
5303
1887
2187
256
5194
7058
4311
6007
1271
2135
5556
3689
3966
7903
7877
1720
6354
1293
6584
4635
979
5062
7827
3473
2379
7137
2241
436
7830
673
7946
6866
3038
8001
2442
4572
4503
620
2304
4779
7300
2058
3634
4530
3731
5687
2679
1345
7329
5941
3228
4098
1440
58
2015
2756
699
7748
6031
4764
2793
6703
6891
722
3073
1429
1138
5171
2515
5333
4452
5958
5890
5208
7407
7661
7794
3974
629
2555
1597
6044
6251
1989
4579
1292
3575
387
367
3211
7847
5592
2840
5122
3913
6696
1494
1431
897
2169
2868
3886
7223
5890
4071
757
849
2554
899
1394
4254
2625
1085
1155
2007
3796
6874
4379
2149
3160
6594
5572
1856
7157
4326
7027
884
7921
1144
7258
348
6821
6087
7086
608
792
7788
1535
6791
2710
5911
3944
5761
6507
3016
5298
6270
108
5962
7970
1341
6018
5922
5737
4778
4632
4361
4665
7242
5934
1157
4431
7718
6699
2576
1047
2997
658
7149
5676
7465
6202
1993
6009
2718
899
3903
77
532
1629
4010
3269
5229
1293
1020
3297
2036
687
3621
1439
3718
839
3669
879
7351
1941
3791
535
341
6192
4465
1438
7412
7837
4877
736
970
2971
11
1616
3497
8058
2166
6202
1316
2196
214
7841
5569
1984
1253
7770
1846
7217
859
6909
6126
1980
988
7747
6691
2045
7241
2890
5292
1491
2002
7462
689
7614
2951
7844
3340
5018
6562
5272
1374
2717
6786
7656
6196
7903
2353
6904
6734
3384
3743
4084
44
3235
3110
3501
4446
3193
6620
5906
1557
1298
592
5604
2424
1163
783
2260
598
1352
805
1215
5004
915
3954
33
4860
3771
1162
1269
1877
6490
2140
5384
4331
1006
2265
7717
5980
2917
2690
7787
5142
3856
4332
295
4479
4711
7979
1896
1931
4361
3755
3301
4705
7784
5161
5345
3975
3666
1404
4207
1082
7254
7353
5968
3694
6907
1944
275
3176
6706
7058
4527
2294
2053
4674
2673
3906
3667
3545
6106
1637
2627
3689
2752
3772
4817
1749
3460
3915
7617
4156
5753
7754
5966
1448
655
7068
2208
5602
1263
5557
525
2174
2576
6328
5455
7247
2658
5215
5217
7167
5933
4152
1486
2311
1107
1966
1824
512
1395
568
179
96
6667
316
6409
2018
6680
6136
3197
2447
3424
7296
5008
796
34
3995
5807
7348
3827
8117
6601
2544
806
1528
533
693
7512
2220
2502
7781
6907
4421
2681
2994
1948
5222
4574
771
5719
5554
5115
3699
6645
1861
6664
4871
6925
7354
6445
549
1633
2984
1184
6942
2083
95
7395
4954
842
1488
4716
5091
2257
3358
2994
5677
8014
7696
819
1221
5880
6111
5346
2331
2946
7451
7787
7208
2140
2246
5016
7915
7338
2687
1833
4324
2960
2102
1741
6627
20
2636
6837
2450
4147
4340
4517
1814
6598
7399
6825
3934
6575
2260
3477
7855
6169
814
2526
7253
3179
2281
7336
5266
7095
239
3793
113
768
3767
1080
7348
856
2285
7829
1272
929
2407
1837
3888
6046
1932
2267
763
1436
6292
6887
4597
7593
1113
6118
4121
7033
7616
2751
6316
7703
3764
5821
5080
2021
5655
3078
1849
4700
7884
5203
2141
577
3993
1867
4118
2934
584
968
6750
6998
4973
5019
1388
820
4833
2101
3733
2900
3708
3403
700
1130
5464
3589
1591
6117
6697
5085
5271
3737
6161
3111
4159
5086
2138
4440
5302
3757
6878
1237
2711
6547
172
6516
4751
6318
5201
20
3208
3498
4128
4037
4927
7519
3349
390
2825
4565
2345
6673
6008
733
1763
1907
8165
5511
6007
3800
2790
4268
6785
4724
5604
1642
6514
4089
1591
1401
1901
2934
5744
761
2269
5717
978
4185
6103
6488
4237
8010
7324
7469
3840
1826
7281
6051
3351
1738
5926
6886
3612
4321
7646
1384
426
3391
1963
2244
4630
5501
5207
3488
4561
5660
8083
1041
4220
6837
606
6627
3415
6871
603
4379
6364
2798
5147
5290
6893
1947
919
6987
4938
4942
854
6573
8085
328
7464
5506
863
5348
5825
4473
5527
4219
1902
6880
2581
4007
894
6295
2296
737
1464
498
4208
5734
186
6942
5062
5837
2723
6958
1488
8126
8012
6905
6607
5301
4812
3979
3708
2680
4681
2424
2459
5853
6054
1274
463
2756
2439
5179
4045
2325
2244
5208
2858
4599
3089
503
4703
307
3990
5984
1437
7062
1690
7398
4707
5241
8174
1304
8186
155
245
3886
7495
7891
8024
6155
7648
1312
1472
234
490
3714
7603
5009
497
1185
6226
6124
2562
4449
4896
3158
5725
3658
7969
3761
1458
6316
6597
7202
639
3300
3022
4724
1371
3274
1419
497
1860
7444
1552
6049
3366
7247
4200
7462
6069
6368
5064
6255
7646
4106
3942
5554
4059
114
1659
6824
20
6553
2821
6869
2545
1625
7573
2109
4304
2745
1354
3873
175
161
3259
6523
585
2322
4117
6703
3361
6203
3748
2122
6008
1276
6185
3961
8049
1401
7889
294
5780
6495
5011
1453
5043
6734
8101
2300
1248
1906
5604
6821
5772
2674
5704
5760
5464
6856
2310
5690
4455
3439
741
2528
3139
2247
3867
2277
2727
8179
4552
7998
4811
4670
88
815
3078
4058
4327
3767
4132
3725
3912
6080
6186
387
7553
2080
6399
5482
7810
985
55
7478
7782
6405
594
5875
7243
6355
742
4241
6550
4351
474
6521
2879
5441
2184
2551
1773
690
1245
2303
6792
1325
2564
2909
3478
3906
1309
1577
5337
7877
7368
1464
7939
7805
1069
4328
6835
979
6741
8113
54
8026
5773
1761
4930
6181
2008
6203
2352
2747
2646
5695
7793
6658
296
256
4703
1534
6262
6976
7042
7086
6671
5266
4325
2846
5061
359
2277
993
2507
4501
1206
2469
3728
4346
7337
5905
1619
1589
5736
1562
5483
3615
6222
7217
6081
5733
5822
5364
1400
6255
1894
5533
9
899
7920
2693
3207
4266
3547
429
6126
5428
5806
6849
2766
3525
2392
1638
6132
6504
1028
2587
6185
6965
4293
4263
2748
1182
292
7225
6698
6159
3398
2309
7727
2999
1351
7546
1171
6439
485
3986
4456
7598
6094
6624
2801
2084
6478
5007
5973
3555
1992
3648
6294
7662
7379
5391
4245
1692
7725
8181
4925
2252
3136
3173
6918
8113
5628
3049
7437
3309
2999
5669
575
5725
5009
1772
7158
6625
818
6773
6611
385
7045
6152
7827
2104
6894
4919
6457
6291
2410
2196
2606
6141
6262
5783
4303
7129
8151
7809
4501
7073
409
616
76
398
7445
4745
2545
6747
5393
4251
6342
7618
2804
5730
2274
471
7233
7688
1814
2554
1086
1690
3740
6294
5588
693
1877
7590
1857
4084
5848
2336
7856
1434
5848
4557
770
442
1254
4551
3376
5590
8170
4166
7088
7351
6474
1364
2571
2097
4413
4656
2785
2588
6832
5830
4852
421
6882
4456
333
1487
6214
1215
7282
5798
848
3550
2473
3369
2245
279
6915
6823
4313
487
8017
3480
2007
1414
5916
1121
7852
6081
6019
7636
4776
2089
5163
2370
74
1716
229
249
1252
4392
50
1338
4893
3917
6956
3085
6279
3720
6211
3123
2990
7288
8101
1292
3398
3017
3444
7982
2744
6728
911
5588
8070
2211
7846
4386
5664
7024
1555
5586
6980
3290
3279
3699
4768
2978
7637
6825
7275
1730
2600
5599
3269
3870
5387
4731
5251
7879
2051
658
657
3823
5901
478
5340
5076
5047
3333
4864
3453
8041
7153
1175
2887
2175
815
7495
6197
138
3195
4942
676
6840
2182
3995
329
5870
4672
848
492
2180
4878
3057
8088
5666
4950
4534
2865
3131
5336
264
772
3473
1405
3808
3736
1729
4099
7879
6305
3418
6646
1838
424
6723
5971
1744
1109
5724
5838
2567
7538
6525
5738
1247
7325
7348
1757
3239
6332
1052
2661
5728
6496
6382
3629
5708
4613
1644
5828
5489
2006
4658
6640
5313
2284
6394
6718
6466
5054
4805
4488
2690
7955
3167
5145
3222
4401
6191
384
6904
7770
1530
3221
6894
2728
2417
4582
3489
5339
5081
2497
1455
3024
4019
5798
5685
5849
2207
1566
5203
5122
6354
2852
1565
853
960
7991
1427
2665
3937
4497
753
457
1778
2142
2857
6622
4220
6902
5593
5655
7988
6286
3739
995
7707
3676
263
7018
5729
2666
839
25
7009
7104
728
6011
6590
6701
185
219
2177
794
2375
1340
642
5964
2050
5558
5356
6132
5326
4263
5866
7799
4019
439
6242
4008
1797
1301
3281
1165
7109
5519
5788
4747
6048
1046
4728
1008
411
5346
7504
6132
2470
7307
1682
7080
1019
517
4426
2363
6933
2121
5687
659
4023
7380
7524
339
2663
4686
3573
6369
3956
3907
3384
7442
4016
4145
2738
7908
3042
3458
3420
4990
2657
3858
8087
2627
7508
6088
5133
5639
2290
5897
6099
6515
5277
4315
5943
1508
5388
6067
5508
329
4801
7869
4045
7728
5398
3362
4751
348
2521
2539
7776
2539
6971
5666
5340
4576
5468
3027
4617
6452
615
2915
7365
6261
7341
5715
6301
2749
726
2768
4919
359
2233
5168
7758
1179
4694
6906
1137
8124
7185
5533
6857
833
3925
2076
1256
4154
5345
3101
6906
5532
620
1791
5963
2738
2231
1572
149
4840
3880
391
3394
4220
1039
1294
5030
4365
6962
5520
2039
57
557
3879
7766
485
567
39
4609
1201
3520
933
42
527
7492
3603
2538
6037
1896
6050
5135
3447
5503
5659
6891
2264
3383
330
2932
7191
3212
6712
4378
2109
3272
4498
218
7386
6148
4743
3800
4241
2454
5381
7488
7416
494
5986
2721
2823
4555
2375
7613
1934
5425
8143
1851
3325
7595
1838
4575
2955
4966
5643
2927
4965
2174
4190
3875
7563
2237
7573
6984
5370
5522
7064
4901
6035
2751
3287
6704
3906
2264
1027
1030
2562
2118
4150
3036
4687
73
1497
3480
1928
2832
3289
384
1061
4627
5670
502
4427
1714
1876
324
7791
7007
840
1301
2256
3342
3275
8076
2114
1073
2350
1302
4773
7547
1300
5130
373
1744
7770
5102
7979
609
2234
4173
7687
958
5605
819
7778
4112
6060
472
3575
5948
1782
1986
6092
6159
7135
5994
216
508
6944
2324
6437
1366
7913
6058
7245
1161
4969
5899
3291
6182
568
5869
6541
2960
7899
4380
3272
7047
7999
592
4078
6951
1419
4773
3569
4805
6015
2030
6489
2006
4190
6769
3991
616
3095
7809
6536
7676
6087
7759
2612
7837
4390
4679
437
6904
778
4016
4726
4126
6881
2432
4201
3887
7580
866
177
2325
6396
2171
2033
1262
371
5214
3736
3237
6312
7051
1506
7643
2868
6343
918
5664
5640
5362
2835
8053
96
6194
4960
6169
941
7464
7489
7909
8123
855
742
6140
6482
3486
6802
1342
351
5976
7444
6118
4792
4208
6909
7930
5646
6602
6994
3813
3110
2870
5276
5203
7287
5833
1283
7945
7103
3965
1469
1003
1889
8005
3532
2277
1410
2335
2695
1508
4270
5089
940
3454
4985
2330
7127
7028
5001
4021
3192
484
5180
6951
511
7580
759
1606
1442
2805
1931
3277
2011
7588
2677
280
4513
3094
5012
3631
4517
6807
6952
6991
7096
2300
7390
8044
1766
4330
6797
1217
7492
4317
1988
4325
8107
7196
5789
6655
5912
171
979
6470
6967
1542
3967
7123
7650
590
2100
2484
4382
5184
4133
1725
2545
2054
7134
5913
3536
2530
5426
6654
4394
7543
1261
1786
111
2697
1242
1498
3404
807
2109
3804
2457
5000
6765
6558
4390
1395
7412
7865
6636
6326
1410
1056
5298
7507
8030
407
711
7240
5848
3184
2691
1930
804
6869
1209
5070
3098
5224
70
7714
1681
2896
1303
6197
8190
7142
157
102
5930
5886
1772
7057
5426
6520
1505
5834
5048
6715
2940
3345
226
5191
3038
641
71
7535
7034
4719
1190
6956
4585
3007
5765
7764
3046
3545
4051
7604
1837
1530
8046
6049
6277
2085
1394
3618
2160
1723
4835
2666
2496
2295
1559
3643
2281
4572
5744
4100
3241
2328
7205
7417
5955
1365
7743
2006
2496
8020
1302
2062
3121
5896
2491
2547
513
3229
2975
2635
4486
64
6455
1520
2486
602
7319
7940
5888
7385
2666
7410
7519
1086
5058
2683
5507
3933
1894
5729
1771
7945
3524
2180
4561
1954
7726
2143
6266
5676
6564
7298
1346
5813
3800
3961
1459
1091
3704
245
3417
2355
700
7351
7579
5355
4335
4304
658
4222
4315
5542
5348
6766
6299
6619
6918
4968
4707
8065
4975
3692
1552
5481
1825
4181
5563
5414
4018
2691
6404
3000
1237
3338
5977
5908
4005
5286
4296
1619
6467
952
3346
7458
2220
6845
6566
3799
6450
4347
888
4938
3823
2516
7884
2440
1541
7160
3150
5441
4207
3825
2704
1573
1896
2023
2544
4163
6412
634
3603
1400
4398
5553
7430
3811
4779
708
5477
3878
4447
5266
170
6231
8050
5966
5737
2371
5078
6639
5312
6935
3105
7118
3833
4672
7978
4830
5852
4700
3401
2336
2538
1490
2591
7459
6096
5745
1083
6613
667
5735
2335
4528
5780
4442
1860
242
7189
7908
6347
2047
4325
1002
7379
4929
6851
849
5380
6100
3761
721
513
7751
1784
819
6961
7780
3813
6097
4822
5079
4791
1367
2820
3062
2831
172
7576
3552
3635
725
4687
124
707
7180
4700
7163
1229
3613
3834
8163
2156
5131
7396
2810
1888
753
5502
2585
7907
7853
2264
1652
4322
5405
4800
1816
6579
7672
5949
5425
6022
5615
3459
7306
435
1041
2042
758
7858
837
7708
2269
7237
811
2864
3370
7484
1860
2682
1785
7442
7578
5102
7022
1959
7344
4325
1520
240
9
232
4633
1804
4588
3431
2420
5166
3626
8075
596
7106
953
3090
4596
5914
4581
4818
599
7623
204
1506
5826
4467
3455
285
4104
7488
6243
5693
2230
4055
2748
6958
2326
4714
8187
3230
299
7726
916
4708
7522
5789
8026
6217
3960
5761
3200
3366
2904
1819
3634
2903
1601
3453
7449
5737
4510
5764
913
5833
6735
1135
4365
2060
3663
4870
1391
2770
5603
5179
565
1996
437
1391
3503
5312
5570
7541
3062
7003
6464
2196
6635
1934
6271
3955
164
6692
1872
4205
5220
5218
7366
2749
6977
6689
7433
3510
5780
5564
204
784
594
280
7532
3277
4290
4726
2867
4522
1070
1137
4973
7638
1559
1324
7435
600
4511
6097
6356
69
2499
241
1245
3164
313
5496
4161
5397
8099
7621
1011
7137
5214
2909
6800
299
4631
3446
4444
4469
3679
3292
1703
3184
5768
5426
364
2700
3765
4785
615
2675
7000
2127
5314
194
2272
4605
3169
5750
5070
1616
3896
5444
1787
1746
3990
1789
2505
2182
5439
4707
8074
6085
3441
5150
2273
6939
3494
3838
3007
5611
1500
8166
7102
4545
1510
3612
6327
3984
2588
374
4729
412
6256
4280
1285
5059
5371
367
8134
2163
5813
6242
6939
492
365
428
2776
3213
7148
3845
494
4696
2252
4640
7370
2327
4589
2766
3716
2992
4709
6704
4743
2123
5792
5324
7123
5419
4104
8130
5925
7935
5875
5523
4519
1575
1509
5241
7837
5295
7019
5337
4112
6629
4071
3549
1523
8040
2756
3987
2593
2260
7046
1556
977
7300
4182
3044
6532
6384
690
6468
5025
5485
7725
698
7112
7047
7025
1694
7509
2845
3634
5288
6902
2214
1894
3173
3298
4976
4567
2619
7273
5973
5978
849
5811
2239
3367
6054
4988
5563
4247
2032
2358
1711
2138
75
286
7445
3267
1964
1985
3710
4678
2125
7675
2935
2199
2933
20
4490
7779
266
2633
4101
676
6900
6597
2594
6736
2300
1270
3695
2339
4517
1498
6452
2331
4124
7020
