8192
8192
8192
8191
8190
8188
8188
8188
8186
8185
8184
8183
8182
8181
8181
8181
8181
8180
8179
8179
8179
8177
8176
8175
8175
8172
8172
8170
8168
8168
8165
8164
8164
8164
8162
8161
8159
8157
8153
8153
8152
8150
8147
8145
8144
8142
8141
8141
8141
8140
8139
8139
8137
8137
8136
8136
8136
8135
8135
8133
8132
8130
8127
8127
8127
8126
8125
8125
8125
8121
8121
8118
8118
8115
8114
8111
8110
8108
8106
8102
8102
8102
8101
8100
8096
8095
8094
8093
8093
8092
8087
8085
8082
8081
8080
8080
8079
8077
8077
8077
8077
8076
8075
8075
8074
8072
8072
8071
8071
8071
8071
8067
8067
8066
8065
8065
8065
8064
8064
8064
8060
8060
8058
8058
8055
8052
8052
8052
8052
8051
8051
8050
8050
8049
8048
8047
8045
8044
8043
8043
8042
8040
8039
8039
8038
8038
8037
8036
8035
8035
8034
8033
8032
8031
8030
8029
8028
8026
8026
8026
8023
8021
8021
8019
8017
8016
8015
8015
8014
8014
8011
8011
8010
8009
8008
8007
8004
8001
8001
8001
8000
7998
7998
7997
7996
7995
7995
7994
7992
7990
7989
7985
7983
7983
7983
7983
7982
7981
7981
7981
7980
7980
7980
7980
7978
7978
7977
7977
7976
7976
7976
7975
7975
7974
7973
7973
7971
7970
7967
7967
7967
7967
7966
7965
7961
7961
7958
7956
7955
7955
7954
7954
7953
7952
7951
7951
7951
7950
7949
7947
7947
7945
7945
7944
7942
7942
7942
7941
7940
7940
7937
7937
7936
7935
7935
7934
7934
7934
7931
7930
7928
7928
7926
7926
7925
7925
7925
7922
7921
7921
7919
7917
7916
7915
7914
7911
7909
7908
7906
7904
7903
7903
7902
7902
7899
7899
7897
7897
7897
7896
7892
7892
7891
7891
7890
7890
7889
7887
7886
7885
7884
7883
7882
7882
7882
7881
7880
7880
7879
7878
7877
7875
7874
7873
7873
7873
7871
7870
7869
7867
7867
7865
7865
7864
7863
7863
7862
7862
7859
7859
7859
7858
7858
7857
7856
7856
7856
7856
7855
7854
7854
7853
7852
7851
7851
7850
7850
7849
7849
7848
7847
7846
7845
7844
7843
7842
7840
7840
7839
7837
7837
7837
7835
7831
7831
7831
7830
7828
7827
7827
7826
7826
7825
7825
7825
7824
7824
7824
7823
7822
7822
7822
7822
7820
7818
7818
7818
7817
7817
7816
7815
7815
7815
7815
7814
7812
7811
7810
7808
7808
7807
7807
7806
7806
7805
7805
7805
7805
7805
7804
7803
7802
7801
7801
7800
7800
7799
7795
7794
7794
7794
7793
7793
7793
7793
7791
7791
7790
7790
7790
7790
7788
7785
7783
7783
7779
7778
7777
7776
7775
7775
7775
7774
7773
7773
7772
7772
7772
7772
7771
7771
7768
7766
7766
7764
7763
7763
7762
7762
7761
7760
7756
7752
7752
7751
7750
7750
7749
7747
7746
7745
7745
7742
7741
7740
7738
7738
7737
7736
7736
7735
7734
7732
7732
7731
7729
7728
7728
7728
7725
7725
7724
7722
7717
7715
7710
7708
7708
7707
7707
7706
7706
7706
7705
7705
7704
7702
7702
7702
7702
7701
7698
7698
7697
7696
7696
7694
7693
7693
7692
7688
7687
7687
7684
7681
7680
7680
7680
7680
7678
7677
7676
7675
7675
7674
7672
7672
7669
7668
7668
7667
7667
7667
7666
7665
7664
7664
7663
7663
7662
7661
7656
7655
7653
7651
7650
7649
7649
7649
7647
7645
7645
7644
7644
7643
7642
7642
7641
7641
7639
7638
7637
7635
7635
7634
7633
7632
7632
7630
7629
7628
7627
7627
7624
7624
7621
7621
7618
7616
7616
7615
7614
7613
7613
7613
7612
7612
7610
7610
7606
7606
7604
7602
7602
7598
7598
7598
7598
7597
7596
7596
7595
7595
7594
7593
7592
7591
7591
7590
7590
7589
7589
7589
7588
7587
7586
7586
7585
7584
7584
7584
7583
7582
7582
7577
7577
7576
7576
7575
7573
7573
7573
7572
7572
7572
7571
7570
7569
7569
7568
7568
7568
7566
7566
7565
7565
7564
7564
7561
7561
7561
7561
7559
7558
7556
7553
7553
7553
7551
7550
7549
7548
7548
7548
7548
7544
7543
7543
7542
7542
7541
7541
7540
7539
7539
7538
7538
7536
7534
7534
7533
7531
7530
7530
7527
7527
7526
7525
7525
7524
7523
7522
7520
7519
7518
7517
7516
7515
7514
7513
7513
7513
7511
7510
7509
7508
7508
7507
7506
7505
7504
7503
7502
7502
7500
7496
7495
7495
7494
7494
7494
7493
7491
7490
7489
7489
7488
7487
7487
7487
7486
7485
7484
7482
7482
7482
7477
7476
7475
7474
7474
7473
7470
7470
7469
7469
7467
7467
7467
7466
7466
7464
7463
7461
7461
7460
7460
7456
7455
7454
7451
7447
7445
7445
7445
7445
7444
7443
7442
7439
7438
7438
7434
7433
7432
7432
7432
7432
7431
7431
7430
7428
7427
7426
7423
7423
7423
7420
7420
7419
7418
7417
7417
7417
7416
7416
7414
7414
7414
7414
7412
7412
7412
7410
7407
7407
7406
7404
7404
7401
7399
7399
7399
7397
7396
7395
7389
7384
7383
7381
7380
7380
7379
7379
7378
7378
7377
7375
7374
7372
7371
7371
7370
7366
7365
7363
7362
7360
7359
7358
7356
7354
7353
7353
7353
7351
7351
7350
7350
7349
7349
7348
7346
7345
7345
7345
7343
7343
7338
7335
7334
7333
7332
7332
7330
7328
7327
7327
7326
7326
7324
7323
7322
7321
7318
7318
7318
7318
7317
7316
7315
7314
7310
7310
7309
7308
7307
7306
7305
7305
7302
7301
7298
7297
7296
7294
7294
7294
7292
7292
7292
7291
7291
7289
7288
7287
7286
7285
7285
7285
7284
7283
7282
7281
7280
7279
7277
7276
7275
7273
7273
7273
7273
7272
7272
7271
7271
7270
7270
7269
7268
7265
7264
7261
7261
7259
7259
7257
7256
7256
7254
7253
7250
7250
7250
7249
7248
7247
7245
7245
7242
7242
7239
7239
7237
7235
7234
7234
7233
7231
7231
7230
7230
7229
7228
7228
7226
7224
7224
7223
7218
7218
7216
7215
7212
7210
7209
7209
7209
7207
7207
7206
7206
7206
7203
7202
7201
7201
7197
7197
7196
7195
7193
7193
7192
7192
7190
7188
7187
7186
7186
7185
7185
7183
7182
7181
7181
7180
7179
7177
7175
7173
7173
7171
7170
7169
7169
7166
7165
7164
7162
7161
7157
7155
7153
7152
7151
7151
7148
7147
7147
7145
7145
7143
7143
7143
7141
7140
7139
7138
7136
7131
7131
7131
7129
7127
7127
7125
7124
7123
7123
7122
7121
7121
7120
7119
7117
7117
7116
7116
7116
7112
7111
7110
7110
7110
7110
7107
7107
7107
7107
7106
7106
7105
7105
7105
7102
7102
7102
7096
7094
7092
7092
7092
7091
7091
7091
7090
7090
7087
7087
7086
7085
7085
7085
7084
7079
7078
7078
7077
7076
7075
7074
7074
7074
7073
7072
7072
7072
7072
7069
7068
7068
7066
7065
7065
7065
7063
7062
7060
7059
7059
7058
7057
7057
7055
7055
7054
7054
7052
7050
7050
7047
7047
7046
7045
7044
7043
7043
7043
7042
7041
7040
7040
7039
7039
7038
7037
7037
7036
7035
7034
7034
7033
7032
7032
7032
7031
7031
7031
7027
7027
7026
7025
7023
7022
7022
7019
7018
7017
7016
7015
7013
7013
7012
7012
7011
7011
7010
7010
7009
7008
7006
7005
7002
7002
7000
6999
6998
6998
6997
6997
6997
6997
6994
6994
6993
6992
6990
6990
6989
6989
6988
6988
6987
6987
6986
6986
6986
6985
6985
6985
6985
6984
6983
6981
6980
6979
6979
6978
6976
6975
6975
6972
6971
6969
6969
6967
6967
6967
6966
6966
6962
6962
6962
6961
6960
6958
6957
6956
6955
6954
6953
6951
6951
6950
6950
6950
6950
6949
6947
6946
6946
6941
6941
6938
6936
6936
6934
6933
6933
6930
6929
6927
6927
6927
6924
6924
6923
6923
6922
6920
6920
6916
6916
6915
6914
6914
6913
6912
6912
6911
6911
6910
6909
6909
6909
6908
6908
6908
6907
6907
6906
6904
6901
6901
6900
6898
6894
6893
6892
6890
6890
6890
6889
6888
6887
6886
6884
6883
6882
6882
6881
6881
6880
6880
6877
6876
6876
6875
6875
6875
6873
6872
6871
6869
6866
6865
6864
6862
6861
6860
6860
6859
6858
6857
6857
6857
6857
6855
6855
6853
6852
6851
6850
6850
6849
6848
6847
6847
6847
6847
6847
6845
6842
6841
6840
6840
6838
6838
6838
6837
6835
6834
6831
6830
6829
6829
6825
6824
6824
6824
6823
6821
6821
6819
6819
6818
6818
6815
6814
6813
6813
6812
6810
6809
6808
6808
6807
6807
6806
6806
6806
6805
6805
6801
6800
6798
6798
6797
6792
6792
6792
6788
6787
6785
6783
6783
6782
6781
6781
6781
6780
6776
6776
6775
6775
6775
6775
6774
6771
6771
6771
6771
6770
6770
6769
6768
6768
6767
6766
6766
6765
6763
6763
6761
6760
6759
6759
6757
6752
6752
6752
6748
6747
6747
6746
6744
6742
6741
6740
6740
6740
6738
6738
6737
6735
6734
6733
6732
6730
6730
6725
6725
6725
6724
6722
6722
6722
6721
6720
6719
6719
6719
6719
6717
6716
6714
6712
6712
6711
6711
6711
6710
6708
6705
6705
6705
6704
6704
6703
6702
6702
6702
6702
6701
6701
6701
6701
6699
6695
6694
6694
6694
6693
6693
6690
6689
6688
6688
6688
6687
6687
6685
6685
6683
6681
6681
6680
6679
6677
6675
6671
6671
6670
6670
6668
6667
6665
6664
6664
6663
6662
6662
6661
6660
6659
6659
6657
6657
6657
6655
6655
6653
6653
6652
6651
6649
6648
6647
6645
6644
6642
6641
6640
6638
6637
6637
6636
6636
6635
6635
6633
6629
6629
6627
6627
6626
6625
6624
6622
6622
6620
6618
6614
6613
6613
6612
6611
6609
6609
6609
6609
6606
6605
6604
6604
6604
6602
6601
6601
6600
6599
6599
6596
6595
6595
6594
6593
6591
6591
6591
6590
6588
6587
6587
6586
6584
6584
6583
6581
6579
6579
6578
6578
6578
6577
6577
6577
6575
6574
6573
6570
6569
6569
6569
6568
6567
6567
6567
6563
6562
6561
6559
6557
6556
6556
6556
6555
6554
6553
6553
6550
6549
6547
6547
6547
6546
6546
6546
6545
6543
6543
6539
6538
6538
6538
6537
6537
6535
6534
6534
6533
6533
6533
6531
6530
6530
6526
6525
6523
6523
6523
6521
6520
6520
6519
6519
6518
6518
6518
6516
6512
6511
6510
6510
6507
6507
6506
6505
6502
6496
6496
6496
6493
6493
6491
6491
6490
6489
6486
6484
6483
6482
6481
6481
6481
6480
6478
6478
6478
6478
6478
6478
6476
6475
6471
6470
6470
6469
6469
6467
6467
6466
6466
6464
6464
6463
6462
6461
6460
6457
6457
6456
6454
6453
6451
6449
6449
6448
6448
6448
6447
6446
6445
6444
6444
6440
6440
6440
6439
6438
6435
6435
6433
6432
6432
6428
6427
6426
6426
6424
6424
6423
6422
6422
6422
6421
6421
6421
6421
6418
6417
6417
6416
6416
6415
6414
6413
6411
6409
6409
6408
6408
6407
6406
6403
6402
6402
6402
6398
6398
6392
6391
6390
6390
6388
6388
6388
6385
6384
6383
6383
6383
6382
6381
6381
6380
6380
6379
6376
6375
6373
6370
6369
6368
6367
6365
6365
6365
6364
6364
6363
6363
6362
6362
6362
6359
6359
6358
6357
6357
6356
6355
6354
6354
6354
6352
6352
6352
6351
6350
6348
6348
6348
6348
6345
6343
6343
6342
6340
6339
6338
6336
6336
6336
6334
6333
6332
6332
6331
6328
6328
6326
6326
6324
6322
6322
6321
6320
6320
6317
6317
6317
6316
6316
6315
6314
6314
6314
6313
6312
6310
6309
6308
6306
6306
6304
6302
6301
6300
6298
6298
6298
6296
6296
6295
6295
6295
6294
6294
6293
6293
6293
6289
6289
6286
6286
6285
6279
6278
6278
6277
6277
6276
6274
6273
6273
6272
6270
6270
6264
6264
6263
6261
6258
6258
6255
6254
6252
6252
6252
6251
6251
6250
6249
6248
6248
6246
6246
6245
6244
6241
6241
6240
6240
6239
6239
6238
6238
6235
6233
6233
6232
6232
6229
6227
6226
6226
6225
6225
6224
6224
6224
6222
6222
6221
6220
6218
6218
6218
6218
6217
6217
6217
6216
6214
6214
6213
6213
6213
6213
6212
6212
6211
6211
6211
6210
6210
6208
6206
6206
6206
6204
6204
6204
6203
6198
6198
6196
6195
6192
6191
6191
6190
6190
6189
6189
6188
6188
6187
6187
6186
6186
6184
6184
6183
6181
6179
6178
6178
6177
6176
6176
6176
6174
6174
6174
6173
6172
6170
6166
6165
6162
6158
6156
6155
6154
6154
6153
6151
6150
6147
6145
6143
6143
6142
6142
6140
6139
6139
6138
6137
6137
6137
6135
6135
6133
6133
6131
6131
6130
6129
6128
6128
6126
6125
6125
6124
6123
6122
6121
6120
6120
6119
6119
6117
6115
6114
6113
6113
6113
6112
6112
6111
6111
6111
6110
6110
6109
6109
6106
6105
6104
6101
6100
6100
6099
6097
6096
6096
6095
6093
6091
6091
6090
6090
6090
6090
6089
6089
6088
6087
6085
6084
6082
6080
6079
6079
6079
6078
6078
6076
6076
6075
6074
6073
6071
6068
6068
6068
6067
6067
6065
6062
6062
6061
6061
6061
6060
6060
6059
6058
6058
6057
6056
6055
6053
6052
6052
6052
6050
6050
6049
6049
6047
6047
6047
6047
6045
6044
6039
6038
6037
6036
6034
6034
6032
6032
6032
6031
6031
6030
6029
6029
6028
6027
6027
6027
6026
6026
6026
6025
6025
6023
6022
6021
6020
6019
6018
6018
6017
6016
6013
6011
6008
6006
6006
6006
6006
6005
6003
6003
6003
6001
6000
5998
5996
5993
5993
5993
5993
5991
5991
5990
5989
5989
5988
5988
5987
5987
5987
5985
5984
5984
5984
5983
5983
5980
5979
5978
5977
5977
5976
5975
5974
5973
5972
5969
5966
5966
5966
5965
5965
5964
5963
5962
5961
5961
5960
5960
5952
5950
5949
5948
5948
5948
5948
5947
5946
5945
5945
5945
5945
5944
5943
5943
5941
5941
5941
5940
5939
5939
5939
5939
5937
5937
5936
5934
5934
5933
5932
5932
5929
5929
5927
5927
5925
5925
5925
5924
5923
5923
5920
5920
5919
5918
5916
5916
5914
5912
5912
5912
5907
5907
5907
5906
5904
5903
5902
5900
5899
5899
5899
5898
5898
5897
5897
5895
5895
5893
5893
5892
5891
5888
5886
5884
5883
5881
5879
5877
5877
5876
5875
5875
5875
5874
5873
5872
5872
5870
5870
5869
5869
5869
5868
5868
5867
5866
5866
5863
5863
5859
5859
5859
5858
5857
5855
5853
5852
5851
5850
5850
5850
5847
5845
5844
5844
5843
5843
5842
5842
5840
5839
5838
5837
5837
5837
5833
5832
5831
5830
5830
5830
5829
5827
5827
5827
5826
5826
5824
5823
5823
5823
5822
5822
5821
5819
5819
5818
5816
5815
5815
5815
5814
5813
5813
5813
5813
5812
5810
5809
5808
5808
5808
5806
5806
5805
5804
5804
5804
5803
5801
5800
5799
5799
5797
5796
5795
5792
5792
5789
5788
5788
5788
5788
5788
5787
5786
5784
5784
5783
5782
5782
5780
5780
5779
5777
5777
5777
5777
5775
5775
5773
5773
5772
5771
5771
5769
5768
5768
5767
5766
5764
5762
5761
5760
5760
5758
5756
5755
5753
5752
5752
5751
5751
5751
5749
5748
5747
5747
5746
5745
5744
5744
5744
5744
5743
5743
5742
5741
5740
5740
5739
5739
5738
5736
5735
5735
5733
5733
5733
5730
5728
5728
5728
5726
5726
5726
5725
5724
5724
5724
5722
5720
5718
5717
5716
5716
5716
5715
5711
5711
5710
5708
5707
5706
5706
5705
5704
5704
5704
5703
5701
5700
5699
5699
5699
5698
5698
5695
5693
5692
5692
5692
5692
5691
5691
5689
5689
5689
5688
5687
5686
5684
5684
5683
5683
5680
5679
5679
5678
5675
5674
5672
5671
5669
5668
5665
5665
5665
5664
5663
5662
5660
5659
5655
5655
5655
5655
5655
5654
5652
5652
5651
5650
5649
5649
5647
5647
5646
5646
5643
5641
5640
5639
5639
5639
5638
5636
5636
5635
5634
5633
5630
5629
5629
5628
5627
5627
5626
5625
5619
5619
5619
5619
5619
5616
5615
5614
5613
5612
5612
5612
5612
5611
5611
5611
5610
5610
5609
5608
5608
5607
5606
5606
5606
5606
5605
5604
5603
5602
5601
5599
5599
5597
5595
5594
5594
5593
5593
5591
5590
5590
5589
5586
5583
5582
5581
5580
5576
5575
5574
5574
5573
5573
5572
5570
5570
5570
5569
5568
5568
5567
5566
5566
5566
5564
5561
5561
5559
5558
5555
5554
5554
5552
5552
5551
5550
5549
5549
5548
5548
5548
5548
5545
5542
5542
5542
5541
5540
5538
5535
5535
5535
5533
5532
5532
5532
5531
5529
5528
5528
5527
5527
5527
5526
5525
5525
5524
5524
5523
5522
5521
5521
5521
5520
5518
5517
5516
5516
5516
5516
5514
5512
5512
5511
5510
5509
5508
5507
5506
5506
5505
5504
5501
5501
5496
5496
5494
5494
5494
5492
5491
5491
5488
5488
5488
5487
5487
5487
5486
5485
5484
5483
5483
5483
5482
5482
5481
5481
5480
5480
5479
5479
5479
5478
5477
5477
5476
5476
5475
5474
5474
5473
5473
5472
5472
5471
5468
5467
5467
5466
5466
5466
5466
5464
5463
5462
5462
5462
5462
5461
5461
5460
5460
5460
5458
5457
5456
5453
5450
5450
5449
5448
5447
5445
5444
5439
5434
5433
5432
5431
5430
5427
5427
5426
5426
5426
5425
5425
5424
5424
5423
5422
5422
5422
5419
5419
5416
5416
5415
5413
5411
5411
5411
5410
5410
5409
5409
5408
5407
5407
5407
5404
5400
5399
5398
5398
5398
5394
5393
5393
5392
5392
5388
5385
5382
5382
5381
5381
5377
5377
5377
5375
5371
5369
5368
5365
5364
5364
5362
5362
5360
5358
5357
5355
5354
5354
5352
5351
5350
5350
5350
5350
5349
5349
5348
5347
5346
5346
5344
5343
5343
5343
5339
5338
5338
5336
5334
5334
5333
5333
5330
5330
5329
5326
5321
5321
5318
5318
5317
5316
5316
5315
5314
5314
5314
5313
5313
5313
5312
5312
5311
5311
5310
5309
5304
5303
5303
5302
5301
5301
5299
5299
5298
5297
5296
5296
5295
5294
5293
5293
5291
5290
5290
5289
5288
5286
5284
5283
5283
5282
5281
5279
5279
5279
5275
5274
5273
5273
5272
5271
5271
5265
5264
5264
5264
5263
5261
5261
5260
5259
5259
5259
5259
5259
5258
5258
5258
5258
5257
5255
5254
5254
5254
5253
5253
5253
5253
5250
5249
5247
5245
5245
5243
5238
5235
5233
5233
5233
5231
5230
5229
5229
5229
5228
5226
5225
5223
5223
5221
5219
5218
5217
5217
5216
5215
5215
5214
5214
5213
5211
5210
5210
5210
5209
5208
5208
5207
5206
5205
5205
5204
5201
5201
5200
5199
5199
5196
5194
5193
5192
5192
5192
5190
5189
5189
5186
5186
5184
5182
5180
5179
5179
5177
5177
5177
5177
5176
5174
5174
5174
5173
5172
5168
5166
5166
5165
5165
5164
5163
5163
5163
5162
5162
5160
5160
5160
5160
5160
5158
5158
5158
5157
5155
5155
5154
5153
5151
5151
5149
5148
5147
5144
5142
5141
5139
5138
5138
5138
5137
5136
5133
5131
5130
5130
5130
5127
5127
5127
5126
5123
5123
5122
5121
5119
5119
5118
5117
5117
5117
5116
5116
5114
5114
5113
5112
5112
5110
5108
5108
5107
5106
5106
5106
5105
5104
5102
5102
5101
5100
5100
5099
5098
5097
5096
5096
5093
5093
5091
5091
5091
5091
5090
5089
5088
5087
5087
5085
5082
5081
5079
5078
5078
5078
5078
5077
5073
5073
5070
5070
5070
5068
5068
5068
5068
5067
5065
5065
5065
5061
5060
5057
5057
5056
5055
5055
5055
5054
5051
5051
5050
5050
5049
5049
5047
5046
5044
5044
5039
5038
5038
5038
5035
5035
5034
5033
5032
5032
5031
5031
5030
5029
5027
5027
5025
5024
5023
5022
5022
5020
5018
5017
5017
5013
5013
5013
5012
5011
5009
5008
5006
5004
5004
5003
5003
5003
5002
5000
4999
4997
4997
4995
4994
4991
4991
4989
4988
4987
4987
4986
4986
4986
4982
4981
4981
4980
4979
4978
4977
4976
4976
4974
4971
4971
4966
4966
4965
4964
4964
4963
4962
4962
4960
4957
4956
4955
4955
4954
4951
4951
4951
4950
4950
4948
4946
4942
4941
4941
4940
4940
4938
4938
4938
4938
4937
4936
4933
4933
4932
4931
4930
4930
4928
4927
4927
4926
4926
4926
4923
4923
4922
4920
4919
4919
4918
4915
4915
4915
4910
4910
4909
4907
4905
4905
4904
4904
4904
4903
4901
4900
4900
4900
4899
4898
4895
4895
4895
4894
4894
4894
4890
4886
4886
4883
4883
4883
4882
4880
4879
4878
4877
4877
4876
4876
4873
4871
4871
4871
4871
4870
4870
4868
4867
4867
4864
4863
4863
4859
4858
4857
4856
4854
4853
4852
4852
4852
4851
4851
4850
4850
4849
4848
4848
4845
4844
4844
4844
4843
4842
4841
4840
4840
4840
4836
4834
4833
4831
4829
4828
4826
4826
4823
4822
4822
4818
4818
4814
4814
4812
4811
4811
4810
4810
4810
4810
4810
4810
4807
4806
4806
4805
4804
4804
4803
4803
4801
4800
4800
4799
4796
4795
4795
4795
4794
4794
4793
4792
4792
4790
4790
4789
4789
4788
4786
4786
4786
4785
4784
4784
4782
4780
4780
4779
4779
4779
4777
4777
4775
4774
4771
4770
4769
4768
4767
4767
4766
4766
4763
4760
4759
4759
4758
4758
4755
4754
4753
4753
4751
4751
4750
4749
4746
4745
4744
4744
4739
4735
4734
4734
4732
4731
4730
4727
4726
4725
4723
4722
4719
4718
4718
4717
4716
4716
4715
4714
4714
4713
4713
4713
4712
4710
4707
4707
4705
4704
4703
4702
4701
4701
4701
4700
4699
4696
4693
4690
4690
4689
4689
4686
4686
4685
4685
4682
4681
4681
4680
4680
4679
4678
4677
4674
4674
4674
4673
4673
4672
4671
4668
4668
4667
4666
4666
4666
4664
4663
4663
4662
4662
4662
4661
4660
4658
4657
4655
4654
4653
4653
4651
4650
4647
4646
4645
4645
4644
4644
4641
4641
4640
4639
4639
4638
4636
4636
4636
4635
4634
4633
4632
4632
4627
4627
4625
4625
4625
4624
4624
4623
4620
4620
4618
4616
4615
4614
4612
4611
4610
4610
4608
4607
4605
4605
4603
4601
4601
4600
4600
4599
4597
4596
4595
4595
4594
4594
4593
4593
4591
4590
4590
4586
4586
4585
4582
4582
4581
4579
4578
4578
4577
4575
4574
4573
4573
4570
4569
4569
4568
4566
4565
4565
4564
4564
4560
4560
4559
4558
4556
4556
4555
4555
4554
4552
4551
4551
4550
4548
4547
4546
4546
4544
4544
4544
4543
4540
4540
4539
4538
4537
4537
4536
4536
4534
4534
4534
4532
4527
4523
4519
4519
4519
4519
4518
4518
4518
4518
4518
4518
4517
4517
4515
4515
4514
4513
4510
4508
4506
4505
4504
4503
4503
4502
4500
4499
4498
4498
4497
4496
4496
4495
4494
4494
4494
4493
4492
4492
4490
4488
4485
4485
4484
4483
4482
4481
4480
4479
4479
4479
4479
4478
4478
4477
4477
4476
4476
4474
4474
4473
4472
4472
4471
4471
4469
4466
4465
4465
4465
4464
4460
4460
4458
4457
4457
4457
4455
4455
4450
4450
4449
4449
4447
4446
4445
4445
4444
4444
4443
4442
4441
4438
4438
4437
4436
4435
4434
4433
4432
4432
4432
4430
4430
4429
4429
4429
4428
4428
4427
4427
4426
4426
4426
4425
4424
4423
4423
4422
4422
4421
4420
4420
4418
4416
4415
4415
4415
4414
4414
4414
4413
4413
4413
4412
4411
4411
4411
4407
4404
4402
4401
4401
4400
4399
4399
4399
4398
4397
4395
4395
4394
4393
4389
4389
4388
4387
4387
4387
4386
4386
4385
4385
4384
4383
4383
4383
4377
4376
4376
4374
4373
4373
4372
4372
4372
4368
4368
4366
4365
4360
4359
4359
4358
4358
4357
4356
4356
4356
4355
4354
4353
4350
4350
4350
4349
4349
4346
4346
4345
4344
4343
4342
4340
4339
4337
4337
4336
4335
4335
4333
4333
4332
4332
4330
4329
4329
4327
4326
4326
4325
4324
4321
4320
4319
4318
4318
4317
4317
4315
4315
4312
4311
4311
4310
4310
4310
4309
4308
4307
4306
4304
4304
4304
4303
4303
4302
4302
4301
4301
4300
4297
4296
4296
4295
4293
4292
4291
4290
4290
4290
4290
4289
4288
4288
4288
4287
4287
4285
4283
4282
4281
4280
4280
4279
4279
4275
4274
4273
4272
4272
4269
4268
4268
4268
4264
4260
4260
4259
4258
4257
4257
4256
4256
4256
4255
4251
4247
4246
4245
4245
4245
4245
4244
4241
4240
4240
4239
4239
4239
4239
4238
4236
4235
4235
4233
4233
4232
4231
4227
4227
4226
4225
4223
4222
4221
4221
4219
4219
4219
4218
4217
4217
4217
4215
4214
4214
4213
4213
4212
4211
4211
4210
4209
4209
4208
4208
4207
4207
4206
4206
4206
4204
4204
4204
4202
4202
4200
4198
4198
4197
4197
4195
4195
4192
4190
4189
4188
4187
4186
4185
4184
4181
4181
4181
4177
4173
4173
4172
4172
4170
4170
4169
4169
4169
4169
4168
4168
4167
4167
4165
4164
4163
4162
4162
4162
4162
4162
4161
4161
4161
4157
4155
4154
4153
4152
4151
4149
4148
4148
4146
4145
4145
4144
4143
4142
4141
4139
4137
4137
4137
4135
4135
4134
4134
4133
4133
4132
4132
4131
4129
4128
4124
4124
4123
4121
4119
4118
4118
4115
4115
4114
4114
4112
4110
4109
4107
4107
4106
4106
4106
4106
4104
4103
4103
4102
4101
4100
4099
4098
4095
4092
4091
4090
4088
4088
4088
4087
4085
4084
4084
4082
4081
4081
4078
4076
4075
4074
4073
4072
4072
4072
4071
4070
4070
4070
4069
4068
4066
4066
4065
4065
4064
4063
4063
4062
4061
4061
4060
4060
4060
4059
4059
4059
4058
4057
4056
4056
4055
4054
4054
4053
4051
4049
4049
4049
4049
4048
4048
4047
4046
4045
4044
4041
4040
4037
4034
4029
4028
4027
4025
4023
4022
4021
4019
4019
4017
4015
4015
4014
4014
4014
4012
4012
4011
4009
4008
4008
4007
4003
4001
4001
4000
3999
3999
3998
3998
3996
3995
3994
3992
3991
3989
3988
3986
3986
3985
3983
3982
3977
3976
3974
3974
3974
3974
3973
3972
3972
3971
3970
3968
3968
3966
3966
3965
3965
3964
3964
3963
3963
3962
3962
3962
3961
3961
3960
3959
3958
3958
3956
3955
3954
3953
3950
3949
3949
3948
3946
3946
3943
3943
3943
3941
3940
3939
3939
3937
3937
3935
3930
3929
3929
3929
3929
3928
3927
3927
3926
3925
3925
3924
3924
3924
3920
3919
3919
3918
3918
3917
3917
3916
3916
3916
3914
3913
3912
3912
3910
3910
3909
3908
3908
3907
3905
3903
3903
3902
3901
3899
3897
3895
3895
3894
3893
3892
3890
3889
3887
3886
3885
3882
3882
3881
3881
3879
3878
3878
3878
3878
3877
3874
3873
3871
3871
3867
3867
3867
3866
3865
3865
3865
3865
3865
3863
3863
3862
3860
3860
3859
3858
3858
3858
3856
3855
3853
3851
3850
3849
3849
3848
3848
3844
3844
3843
3842
3840
3839
3834
3833
3833
3831
3829
3828
3827
3825
3825
3824
3823
3823
3821
3819
3817
3816
3815
3813
3813
3808
3807
3807
3806
3805
3804
3804
3803
3802
3801
3800
3800
3800
3800
3800
3795
3794
3794
3794
3793
3789
3789
3787
3785
3784
3783
3783
3782
3781
3780
3776
3776
3775
3774
3774
3772
3772
3771
3770
3769
3769
3767
3767
3765
3763
3762
3761
3760
3760
3760
3759
3756
3755
3755
3755
3755
3754
3753
3752
3749
3749
3748
3748
3748
3748
3748
3746
3746
3745
3745
3743
3742
3739
3738
3737
3736
3736
3735
3735
3734
3733
3732
3731
3731
3731
3727
3727
3726
3726
3725
3725
3725
3725
3725
3724
3722
3722
3721
3720
3719
3718
3718
3716
3714
3712
3710
3708
3706
3706
3705
3703
3703
3703
3699
3699
3698
3697
3697
3695
3694
3692
3691
3690
3689
3689
3687
3684
3684
3683
3679
3678
3677
3676
3676
3674
3674
3672
3672
3671
3670
3670
3665
3664
3664
3663
3659
3659
3658
3657
3656
3656
3656
3656
3654
3652
3652
3649
3646
3645
3645
3642
3642
3641
3639
3638
3636
3634
3634
3634
3633
3633
3632
3632
3631
3630
3629
3628
3627
3626
3625
3625
3624
3624
3623
3623
3623
3622
3622
3621
3621
3620
3619
3618
3617
3615
3614
3614
3613
3613
3613
3612
3611
3604
3604
3603
3602
3602
3600
3599
3598
3597
3597
3596
3595
3593
3591
3590
3589
3588
3585
3585
3585
3584
3580
3579
3579
3579
3578
3578
3577
3576
3574
3570
3570
3570
3569
3569
3569
3569
3567
3566
3565
3561
3560
3559
3557
3557
3556
3554
3554
3554
3554
3550
3548
3548
3548
3547
3545
3545
3544
3543
3541
3541
3541
3540
3540
3539
3538
3538
3538
3538
3534
3533
3533
3532
3531
3529
3526
3525
3523
3521
3521
3520
3520
3518
3516
3515
3512
3511
3510
3510
3508
3507
3506
3506
3506
3502
3500
3500
3498
3497
3497
3496
3496
3495
3494
3492
3491
3488
3488
3487
3486
3486
3485
3483
3483
3482
3481
3480
3480
3479
3479
3476
3475
3472
3472
3471
3471
3471
3470
3468
3467
3467
3467
3465
3465
3465
3465
3464
3462
3461
3461
3460
3458
3458
3457
3456
3454
3453
3452
3451
3450
3449
3449
3448
3447
3446
3446
3445
3444
3443
3443
3443
3443
3442
3440
3438
3438
3438
3436
3436
3436
3435
3433
3431
3429
3429
3429
3425
3425
3425
3423
3422
3422
3421
3419
3419
3418
3414
3413
3411
3411
3410
3409
3408
3408
3408
3408
3407
3406
3405
3401
3400
3400
3400
3399
3398
3398
3398
3396
3395
3395
3394
3394
3393
3391
3389
3388
3385
3385
3384
3383
3383
3382
3381
3381
3381
3380
3380
3380
3379
3378
3377
3377
3376
3376
3375
3375
3374
3373
3373
3373
3373
3371
3371
3369
3369
3369
3368
3367
3366
3364
3364
3364
3363
3363
3361
3361
3356
3356
3355
3354
3352
3347
3347
3346
3345
3343
3343
3340
3337
3336
3335
3333
3332
3332
3332
3331
3328
3327
3326
3325
3325
3324
3323
3322
3322
3321
3321
3317
3317
3317
3316
3315
3315
3313
3313
3312
3312
3310
3308
3307
3307
3305
3305
3304
3304
3302
3302
3302
3302
3301
3301
3301
3300
3300
3300
3299
3298
3294
3293
3292
3292
3291
3291
3289
3289
3289
3287
3286
3284
3284
3283
3281
3281
3281
3279
3279
3279
3279
3278
3278
3277
3275
3273
3272
3272
3272
3269
3268
3261
3261
3260
3258
3257
3256
3256
3256
3254
3249
3249
3247
3247
3246
3246
3245
3244
3241
3240
3240
3240
3239
3239
3238
3238
3238
3238
3238
3236
3234
3233
3231
3230
3230
3228
3227
3227
3224
3224
3221
3221
3217
3215
3213
3213
3211
3211
3210
3210
3210
3210
3209
3208
3208
3204
3203
3202
3202
3199
3199
3198
3196
3196
3195
3195
3191
3191
3191
3190
3190
3190
3188
3187
3186
3185
3183
3181
3179
3178
3176
3175
3175
3174
3174
3173
3171
3170
3170
3168
3167
3167
3166
3165
3163
3163
3162
3160
3159
3159
3159
3157
3156
3155
3154
3154
3153
3152
3151
3148
3147
3146
3144
3142
3142
3142
3141
3141
3140
3140
3140
3139
3139
3139
3132
3131
3129
3128
3128
3127
3126
3126
3125
3125
3125
3124
3123
3123
3123
3122
3122
3121
3120
3120
3118
3118
3117
3116
3116
3115
3114
3113
3112
3111
3111
3111
3110
3109
3108
3108
3108
3106
3104
3104
3103
3102
3101
3101
3099
3097
3097
3097
3097
3096
3095
3094
3092
3092
3092
3091
3091
3091
3086
3086
3085
3085
3085
3083
3082
3081
3080
3080
3079
3079
3079
3078
3077
3076
3074
3073
3072
3072
3072
3072
3072
3071
3071
3070
3069
3069
3069
3067
3067
3065
3065
3063
3061
3060
3059
3057
3057
3056
3054
3052
3051
3049
3047
3044
3044
3042
3041
3040
3040
3037
3034
3034
3034
3033
3033
3032
3031
3031
3030
3030
3030
3029
3028
3027
3027
3025
3025
3023
3022
3022
3022
3022
3021
3021
3021
3020
3018
3017
3015
3012
3012
3011
3009
3008
3006
3003
3002
3001
3000
3000
2998
2996
2996
2995
2993
2992
2991
2990
2990
2990
2989
2988
2984
2984
2983
2982
2982
2981
2980
2980
2979
2979
2979
2979
2974
2974
2971
2971
2970
2969
2969
2964
2961
2958
2957
2955
2955
2955
2954
2953
2952
2952
2947
2947
2946
2946
2945
2939
2939
2938
2938
2935
2935
2933
2932
2931
2931
2930
2929
2928
2927
2927
2926
2925
2925
2925
2924
2923
2923
2922
2921
2920
2920
2920
2920
2919
2916
2914
2914
2913
2911
2910
2909
2909
2909
2908
2907
2903
2902
2901
2901
2900
2900
2899
2897
2895
2893
2892
2892
2891
2890
2889
2887
2887
2886
2885
2885
2884
2884
2884
2881
2880
2880
2879
2878
2877
2876
2875
2873
2872
2870
2868
2867
2866
2863
2863
2860
2860
2860
2858
2857
2856
2855
2855
2853
2853
2853
2853
2852
2852
2850
2850
2850
2850
2848
2847
2845
2845
2845
2844
2842
2837
2837
2836
2834
2834
2833
2833
2832
2832
2832
2831
2831
2831
2830
2821
2821
2821
2820
2819
2818
2817
2817
2817
2815
2814
2814
2811
2810
2805
2803
2803
2803
2803
2802
2802
2800
2800
2800
2799
2799
2799
2797
2797
2796
2795
2795
2795
2794
2792
2790
2788
2787
2786
2784
2783
2782
2782
2780
2779
2779
2779
2777
2776
2776
2775
2775
2773
2771
2771
2771
2769
2765
2765
2764
2762
2762
2760
2760
2758
2758
2757
2757
2754
2753
2752
2751
2751
2750
2749
2749
2748
2748
2748
2748
2747
2745
2745
2745
2744
2740
2739
2738
2736
2735
2734
2733
2733
2731
2731
2730
2728
2727
2727
2727
2727
2724
2722
2718
2718
2717
2717
2715
2714
2714
2714
2714
2713
2712
2708
2707
2705
2703
2703
2701
2700
2699
2697
2696
2695
2694
2694
2693
2693
2690
2688
2687
2686
2683
2682
2682
2682
2680
2677
2677
2669
2669
2668
2667
2667
2666
2665
2665
2665
2664
2664
2664
2664
2664
2664
2663
2662
2661
2661
2656
2655
2653
2653
2652
2652
2650
2649
2646
2644
2644
2642
2642
2639
2638
2638
2636
2632
2631
2631
2631
2630
2629
2628
2626
2626
2624
2623
2621
2621
2621
2620
2620
2618
2618
2618
2618
2618
2618
2617
2617
2616
2615
2615
2614
2613
2611
2610
2610
2609
2607
2607
2607
2606
2605
2605
2604
2603
2603
2603
2602
2595
2594
2594
2594
2593
2593
2592
2590
2590
2590
2589
2587
2585
2584
2583
2583
2582
2582
2581
2579
2579
2579
2577
2577
2575
2575
2573
2571
2571
2567
2567
2566
2566
2565
2564
2564
2564
2563
2563
2562
2561
2561
2561
2560
2560
2557
2555
2554
2549
2549
2548
2547
2547
2545
2541
2541
2539
2537
2537
2536
2536
2535
2534
2532
2532
2531
2530
2530
2529
2529
2527
2527
2525
2523
2521
2520
2519
2518
2518
2517
2514
2514
2511
2511
2511
2510
2509
2508
2507
2506
2506
2505
2503
2501
2501
2501
2500
2499
2498
2496
2496
2495
2493
2492
2492
2492
2491
2490
2488
2488
2488
2487
2487
2487
2487
2487
2486
2486
2486
2484
2481
2480
2478
2477
2477
2476
2474
2473
2473
2471
2470
2470
2469
2469
2466
2466
2466
2465
2463
2463
2463
2461
2461
2459
2459
2456
2456
2455
2455
2454
2453
2451
2448
2448
2447
2447
2446
2446
2444
2443
2443
2442
2442
2442
2441
2440
2439
2438
2437
2435
2435
2431
2431
2430
2429
2429
2425
2424
2422
2422
2422
2421
2420
2419
2418
2416
2416
2414
2414
2413
2412
2412
2411
2410
2405
2405
2405
2405
2404
2402
2400
2399
2399
2397
2397
2396
2395
2394
2393
2389
2389
2389
2388
2387
2384
2380
2380
2376
2376
2376
2374
2373
2372
2372
2371
2371
2370
2369
2369
2367
2367
2366
2361
2361
2360
2360
2360
2359
2357
2356
2356
2354
2353
2353
2353
2352
2351
2351
2349
2349
2349
2348
2346
2346
2345
2345
2344
2343
2343
2341
2340
2338
2337
2337
2334
2334
2333
2332
2332
2331
2330
2329
2329
2327
2326
2326
2325
2324
2324
2321
2321
2320
2319
2319
2318
2317
2317
2315
2315
2313
2310
2310
2310
2309
2306
2305
2304
2301
2298
2295
2294
2293
2293
2292
2292
2291
2291
2288
2287
2287
2287
2284
2283
2283
2281
2278
2277
2276
2275
2274
2272
2271
2271
2270
2270
2270
2270
2269
2267
2265
2264
2264
2263
2261
2261
2259
2259
2259
2256
2256
2255
2254
2253
2252
2251
2250
2248
2248
2247
2247
2247
2244
2242
2241
2240
2239
2234
2234
2233
2232
2232
2229
2228
2226
2224
2222
2222
2219
2219
2216
2216
2214
2214
2209
2208
2206
2205
2204
2204
2202
2202
2202
2202
2202
2200
2200
2199
2197
2194
2193
2193
2192
2189
2188
2188
2188
2184
2183
2183
2182
2182
2180
2179
2179
2177
2176
2176
2174
2174
2171
2170
2169
2169
2168
2166
2163
2163
2163
2163
2162
2162
2160
2157
2156
2155
2154
2154
2153
2152
2151
2151
2150
2147
2146
2144
2142
2142
2140
2139
2139
2137
2135
2135
2134
2132
2129
2128
2128
2127
2127
2126
2123
2122
2120
2118
2118
2118
2117
2116
2115
2114
2112
2108
2107
2106
2105
2105
2105
2103
2103
2103
2103
2102
2102
2101
2101
2100
2099
2096
2096
2096
2095
2094
2094
2091
2088
2086
2085
2084
2083
2083
2083
2081
2080
2080
2080
2079
2079
2079
2079
2079
2076
2076
2074
2073
2073
2072
2071
2070
2069
2069
2067
2065
2063
2063
2062
2062
2061
2060
2059
2058
2057
2057
2056
2055
2054
2053
2052
2052
2051
2051
2049
2049
2049
2048
2048
2044
2044
2043
2043
2043
2043
2042
2042
2042
2042
2040
2038
2038
2036
2036
2036
2035
2034
2032
2031
2031
2026
2026
2025
2025
2025
2024
2023
2022
2020
2018
2018
2018
2017
2016
2015
2014
2014
2012
2009
2009
2009
2007
2007
2007
2005
2005
2004
2004
2002
2001
1999
1998
1998
1997
1997
1997
1996
1996
1993
1992
1992
1991
1991
1988
1988
1988
1987
1986
1986
1985
1985
1984
1982
1980
1978
1978
1978
1978
1977
1977
1976
1975
1975
1974
1974
1974
1972
1969
1969
1969
1966
1966
1963
1963
1962
1961
1960
1957
1957
1955
1954
1953
1952
1951
1950
1948
1947
1946
1945
1945
1945
1945
1943
1942
1940
1940
1938
1936
1935
1934
1930
1929
1929
1928
1928
1927
1926
1925
1925
1924
1922
1920
1920
1918
1918
1916
1915
1915
1915
1915
1914
1912
1911
1909
1907
1906
1905
1903
1902
1902
1901
1899
1896
1896
1894
1894
1892
1890
1889
1886
1885
1883
1882
1880
1876
1875
1874
1874
1874
1873
1873
1873
1868
1868
1867
1863
1862
1862
1862
1862
1860
1860
1860
1858
1858
1856
1856
1855
1855
1852
1852
1851
1850
1849
1846
1845
1843
1843
1841
1841
1841
1840
1840
1837
1837
1837
1833
1833
1832
1832
1830
1830
1830
1829
1828
1827
1826
1826
1825
1825
1824
1824
1823
1823
1822
1821
1820
1820
1820
1818
1817
1816
1815
1813
1812
1810
1810
1802
1801
1800
1800
1799
1799
1799
1799
1798
1797
1795
1791
1789
1789
1787
1787
1786
1785
1784
1783
1782
1780
1780
1780
1780
1779
1778
1777
1775
1775
1774
1773
1771
1770
1769
1769
1768
1768
1767
1766
1764
1763
1763
1763
1762
1760
1760
1756
1756
1755
1753
1752
1752
1749
1749
1749
1745
1745
1745
1745
1745
1744
1744
1743
1742
1740
1740
1739
1738
1736
1736
1735
1734
1733
1733
1731
1729
1728
1727
1727
1726
1724
1723
1722
1721
1720
1720
1720
1719
1717
1717
1714
1713
1712
1712
1707
1706
1705
1705
1702
1702
1702
1700
1700
1700
1698
1698
1698
1697
1697
1696
1694
1694
1693
1691
1690
1690
1689
1689
1688
1686
1684
1683
1682
1682
1680
1679
1678
1678
1677
1676
1674
1674
1674
1674
1672
1672
1671
1670
1669
1669
1668
1666
1666
1665
1664
1663
1660
1659
1657
1657
1656
1654
1654
1654
1651
1651
1649
1648
1647
1646
1644
1643
1642
1641
1641
1638
1638
1637
1637
1636
1635
1635
1634
1632
1632
1632
1632
1630
1627
1627
1626
1626
1624
1624
1623
1621
1621
1621
1619
1619
1617
1616
1613
1613
1612
1611
1611
1610
1609
1607
1607
1605
1605
1604
1604
1603
1603
1603
1602
1601
1600
1599
1599
1595
1594
1593
1593
1588
1588
1588
1587
1585
1584
1584
1583
1582
1582
1582
1578
1576
1575
1573
1572
1569
1568
1567
1566
1565
1564
1563
1562
1561
1560
1560
1559
1557
1557
1557
1557
1550
1545
1543
1543
1543
1539
1537
1536
1535
1533
1532
1532
1531
1529
1526
1524
1524
1523
1523
1522
1522
1520
1516
1515
1515
1513
1512
1511
1511
1510
1510
1509
1509
1508
1507
1507
1503
1498
1498
1496
1495
1494
1493
1492
1490
1490
1490
1489
1489
1489
1486
1485
1485
1484
1484
1483
1481
1481
1478
1477
1476
1475
1474
1474
1473
1472
1471
1470
1470
1469
1466
1466
1464
1464
1462
1461
1458
1456
1455
1453
1453
1451
1450
1448
1447
1447
1446
1446
1445
1445
1444
1442
1441
1439
1438
1438
1437
1436
1435
1434
1433
1431
1430
1430
1429
1429
1428
1426
1425
1423
1421
1421
1420
1420
1418
1416
1414
1412
1412
1410
1410
1408
1408
1407
1406
1406
1405
1404
1400
1398
1397
1396
1396
1396
1395
1395
1393
1392
1389
1389
1389
1388
1387
1387
1386
1385
1385
1384
1383
1382
1382
1380
1378
1377
1376
1375
1374
1372
1372
1371
1368
1367
1367
1367
1366
1365
1365
1365
1364
1363
1363
1363
1361
1360
1359
1357
1357
1356
1354
1350
1348
1347
1346
1343
1343
1339
1338
1338
1337
1337
1335
1334
1333
1332
1331
1328
1326
1326
1326
1326
1325
1323
1322
1321
1318
1317
1317
1314
1313
1312
1311
1311
1311
1308
1308
1308
1307
1304
1302
1302
1302
1302
1301
1300
1298
1297
1295
1294
1293
1290
1284
1284
1283
1282
1281
1280
1279
1277
1276
1276
1275
1274
1274
1273
1273
1272
1272
1270
1267
1266
1262
1262
1262
1262
1261
1260
1257
1257
1256
1255
1254
1253
1249
1249
1248
1248
1248
1248
1247
1245
1244
1244
1244
1242
1241
1241
1241
1239
1239
1239
1238
1238
1236
1235
1230
1228
1227
1223
1223
1221
1218
1216
1216
1215
1215
1214
1211
1209
1208
1207
1205
1205
1204
1204
1204
1203
1202
1202
1202
1201
1199
1196
1195
1195
1194
1194
1193
1193
1193
1191
1191
1190
1190
1189
1189
1187
1186
1186
1186
1185
1183
1182
1181
1181
1180
1179
1178
1175
1174
1174
1173
1172
1172
1172
1172
1172
1171
1170
1169
1167
1166
1166
1165
1163
1162
1161
1158
1158
1158
1157
1155
1154
1153
1152
1152
1151
1151
1150
1149
1148
1147
1147
1143
1143
1143
1138
1138
1137
1136
1135
1135
1133
1132
1132
1132
1130
1129
1129
1129
1127
1126
1126
1125
1125
1125
1122
1121
1120
1120
1119
1118
1117
1116
1114
1114
1113
1112
1109
1109
1109
1108
1107
1107
1105
1104
1104
1103
1100
1098
1097
1096
1096
1096
1095
1092
1092
1092
1091
1091
1089
1085
1085
1080
1078
1077
1075
1074
1073
1073
1072
1071
1071
1070
1070
1070
1068
1068
1067
1066
1066
1066
1063
1063
1062
1060
1059
1058
1057
1055
1054
1054
1054
1053
1053
1050
1050
1050
1050
1048
1047
1047
1046
1046
1046
1046
1045
1045
1045
1044
1044
1043
1041
1041
1039
1038
1036
1035
1034
1033
1033
1033
1032
1032
1029
1029
1028
1028
1027
1027
1026
1024
1024
1021
1021
1021
1020
1020
1020
1020
1020
1019
1016
1016
1015
1014
1014
1014
1013
1013
1011
1011
1011
1009
1009
1009
1008
1008
1007
1007
1006
1005
1005
1003
1003
1002
1001
999
998
998
998
997
997
994
993
993
992
991
989
989
989
988
985
985
982
981
980
979
979
978
974
973
971
969
968
967
966
964
963
963
961
960
960
960
959
959
959
959
957
957
957
956
951
951
951
951
948
946
946
946
943
943
942
942
941
941
938
937
936
935
934
934
933
932
931
931
931
930
929
926
924
924
924
923
923
922
922
922
922
922
921
921
920
920
919
919
919
918
918
914
914
913
913
913
912
912
911
906
906
905
902
902
902
900
899
896
895
893
892
892
892
891
889
888
888
886
885
884
884
884
884
883
883
880
880
877
876
876
874
874
872
870
870
869
869
867
867
867
866
866
865
864
863
861
859
859
859
857
857
857
854
854
853
849
848
848
848
846
846
846
845
842
841
841
841
840
839
839
838
837
837
837
834
833
833
832
832
831
829
829
827
825
825
824
824
823
822
821
821
819
816
816
816
814
814
814
813
813
810
810
810
809
808
807
807
805
804
803
803
802
800
798
798
798
795
795
794
793
790
789
788
788
787
786
783
782
780
780
778
777
777
775
773
772
768
767
766
766
766
766
765
764
762
761
760
759
759
759
758
757
755
753
752
752
752
751
750
747
747
742
742
739
739
739
738
737
736
733
733
732
731
731
730
730
729
729
728
728
727
727
726
725
720
720
718
717
716
713
713
710
710
710
709
709
708
707
706
706
705
705
703
702
702
701
697
696
695
692
692
690
690
690
689
689
689
688
683
682
681
679
678
677
676
676
676
676
676
675
670
670
670
670
668
667
667
664
663
662
661
659
659
659
658
657
656
655
652
651
651
650
649
648
647
646
646
644
644
642
641
640
640
639
638
638
638
637
637
637
636
634
632
632
630
629
628
625
621
621
620
619
618
617
616
616
615
615
614
612
612
612
612
610
608
607
604
602
601
601
599
599
597
596
594
592
591
591
591
589
588
587
587
586
585
584
577
576
574
574
574
573
573
572
572
572
571
569
569
567
567
565
564
562
562
561
557
557
556
554
554
553
553
553
553
552
552
550
549
547
546
545
544
543
542
542
542
542
541
540
539
539
538
537
536
536
536
536
535
535
534
534
533
532
532
531
531
528
528
528
527
526
526
525
524
523
523
522
521
520
519
518
518
517
517
517
516
515
514
513
512
511
511
509
506
504
504
501
500
499
495
495
494
494
493
492
491
490
490
489
489
488
484
484
484
483
483
483
482
479
478
478
477
477
477
477
477
476
476
476
475
474
470
470
469
466
466
466
466
463
462
462
461
460
459
459
458
458
457
456
456
454
453
453
450
449
448
448
448
447
446
446
446
444
444
443
442
442
442
442
438
432
431
431
429
427
426
426
425
424
424
424
423
422
418
415
414
412
411
408
408
408
407
406
406
403
402
402
398
397
396
395
394
394
394
393
393
392
389
389
388
388
387
385
385
382
381
381
380
379
379
379
378
377
376
374
373
371
370
370
370
369
369
368
368
368
367
364
363
362
361
359
359
359
356
355
353
351
349
348
347
346
346
345
344
343
342
342
340
340
339
338
338
335
334
332
332
332
330
330
329
329
328
326
325
325
325
323
322
322
322
320
320
320
319
318
317
316
316
314
313
313
312
312
308
307
306
304
304
302
301
300
298
298
296
293
293
292
290
289
288
288
287
285
285
283
283
283
282
281
279
278
278
276
276
276
275
275
273
271
271
271
268
267
266
263
262
262
260
260
260
259
259
258
256
255
254
254
252
249
248
247
245
244
244
242
241
241
240
236
235
234
231
231
230
229
227
226
225
225
222
222
221
216
215
213
213
212
212
209
209
209
208
208
207
206
206
205
205
201
201
201
201
199
199
198
198
195
195
194
194
193
193
192
192
189
189
186
186
185
184
183
181
180
178
178
178
176
176
173
173
172
172
172
171
167
165
163
162
161
160
159
159
158
157
157
156
156
150
149
149
146
145
145
144
144
144
144
144
144
141
140
138
137
132
132
132
131
130
124
124
123
122
121
121
121
120
120
117
115
114
114
114
111
110
105
104
101
101
98
96
92
90
90
89
88
86
82
81
81
80
76
75
75
75
74
73
72
72
71
71
70
70
70
69
69
66
63
61
59
57
55
54
53
52
52
51
51
50
50
50
49
49
48
46
45
43
42
41
36
36
35
34
32
32
31
31
31
31
31
31
29
28
27
27
26
26
25
24
23
21
19
19
19
18
18
15
12
11
11
10
8
7
6
6
5
4
4
3
2
