512
510
510
510
507
507
507
507
504
503
502
502
501
500
499
499
498
498
497
497
497
496
495
495
492
492
490
489
488
488
488
487
486
486
485
484
483
483
481
480
479
479
478
478
478
477
475
473
473
471
467
464
463
463
463
462
461
460
458
457
456
454
454
453
450
450
449
449
446
446
445
444
441
437
434
434
434
433
433
432
432
431
430
428
425
424
424
424
423
421
421
420
419
419
419
418
416
415
415
415
413
412
411
410
409
406
406
406
405
404
404
403
403
402
401
401
400
398
397
396
395
395
393
391
389
389
388
387
387
384
383
383
383
382
379
378
377
377
377
375
373
371
370
369
368
367
366
366
366
366
366
363
363
363
362
362
361
359
358
357
355
354
354
354
353
352
352
352
351
351
350
349
349
349
347
346
345
343
342
339
339
338
336
336
336
334
333
333
332
331
330
329
329
328
327
327
326
324
324
324
323
320
320
317
314
314
314
312
311
311
308
308
307
307
306
305
305
302
301
301
301
301
300
299
299
298
296
294
293
291
291
290
289
289
288
283
281
281
278
277
276
274
271
271
271
270
269
268
268
268
264
260
258
257
256
255
255
255
254
254
252
252
249
248
242
241
241
239
236
236
236
236
234
234
234
232
231
230
229
229
225
224
224
222
222
221
220
218
218
218
216
215
214
213
211
209
209
209
208
208
206
205
205
205
204
203
203
201
201
200
199
199
199
198
197
196
196
193
192
192
189
188
186
185
185
184
183
183
182
182
181
181
178
177
177
176
175
174
174
173
173
173
171
171
171
171
166
165
165
165
165
162
162
162
161
160
158
158
157
156
155
155
155
154
154
153
152
152
152
151
151
148
147
146
144
140
140
139
139
138
136
136
135
135
134
134
133
133
131
130
130
129
129
128
127
125
125
124
123
122
121
121
120
116
116
115
114
113
108
108
107
106
106
106
105
103
102
102
101
101
101
100
99
99
97
96
95
95
90
89
89
88
88
85
85
84
82
82
82
81
79
77
76
76
75
74
74
73
72
69
68
66
66
65
62
62
59
58
58
58
56
56
55
55
54
53
52
49
48
48
46
46
46
42
42
41
41
39
39
38
37
35
33
32
31
28
27
24
24
23
22
20
20
19
16
16
15
12
12
12
11
10
9
9
8
6
5
4
4
3
3
3
