3
3
3
4
4
5
6
8
9
9
10
11
12
12
12
15
16
16
19
20
20
22
23
24
24
27
28
31
32
33
35
37
38
39
39
41
41
42
42
46
46
46
48
48
49
52
53
54
55
55
56
56
58
58
58
59
62
62
65
66
66
68
69
72
73
74
74
75
76
76
77
79
81
82
82
82
84
85
85
88
88
89
89
90
95
95
96
97
99
99
100
101
101
101
102
102
103
105
106
106
106
107
108
108
113
114
115
116
116
120
121
121
122
123
124
125
125
127
128
129
129
130
130
131
133
133
134
134
135
135
136
136
138
139
139
140
140
144
146
147
148
151
151
152
152
152
153
154
154
155
155
155
156
157
158
158
160
161
162
162
162
165
165
165
165
166
171
171
171
171
173
173
173
174
174
175
176
177
177
178
181
181
182
182
183
183
184
185
185
186
188
189
192
192
193
196
196
197
198
199
199
199
200
201
201
203
203
204
205
205
205
206
208
208
209
209
209
211
213
214
215
216
218
218
218
220
221
222
222
224
224
225
229
229
230
231
232
234
234
234
236
236
236
236
239
241
241
242
248
249
252
252
254
254
255
255
255
256
257
258
260
264
268
268
268
269
270
271
271
271
274
276
277
278
281
281
283
288
289
289
290
291
291
293
294
296
298
299
299
300
301
301
301
301
302
305
305
306
307
307
308
308
311
311
312
314
314
314
317
320
320
323
324
324
324
326
327
327
328
329
329
330
331
332
333
333
334
336
336
336
338
339
339
342
343
345
346
347
349
349
349
350
351
351
352
352
352
353
354
354
354
355
357
358
359
361
362
362
363
363
363
366
366
366
366
366
367
368
369
370
371
373
375
377
377
377
378
379
382
383
383
383
384
387
387
388
389
389
391
393
395
395
396
397
398
400
401
401
402
403
403
404
404
405
406
406
406
409
410
411
412
413
415
415
415
416
418
419
419
419
420
421
421
423
424
424
424
425
428
430
431
432
432
433
433
434
434
434
437
441
444
445
446
446
449
449
450
450
453
454
454
456
457
458
460
461
462
463
463
463
464
467
471
473
473
475
477
478
478
478
479
479
480
481
483
483
484
485
486
486
487
488
488
488
489
490
492
492
495
495
496
497
497
497
498
498
499
499
500
501
502
502
503
504
507
507
507
507
510
510
510
512
