2
3
4
4
5
6
6
7
8
10
11
11
12
15
18
18
19
19
19
21
23
24
25
26
26
27
27
28
29
31
31
31
31
31
31
32
32
34
35
36
36
41
42
43
45
46
48
49
49
50
50
50
51
51
52
52
53
54
55
57
59
61
63
66
69
69
70
70
70
71
71
72
72
73
74
75
75
75
76
80
81
81
82
86
88
89
90
90
92
96
98
101
101
104
105
110
111
114
114
114
115
117
120
120
121
121
121
122
123
124
124
130
131
132
132
132
137
138
140
141
144
144
144
144
144
144
145
145
146
149
149
150
156
156
157
157
158
159
159
160
161
162
163
165
167
171
172
172
172
173
173
176
176
178
178
178
180
181
183
184
185
186
186
189
189
192
192
193
193
194
194
195
195
198
198
199
199
201
201
201
201
205
205
206
206
207
208
208
209
209
209
212
212
213
213
215
216
221
222
222
225
225
226
227
229
230
231
231
234
235
236
240
241
241
242
244
244
245
247
248
249
252
254
254
255
256
258
259
259
260
260
260
262
262
263
266
267
268
271
271
271
273
275
275
276
276
276
278
278
279
281
282
283
283
283
285
285
287
288
288
289
290
292
293
293
296
298
298
300
301
302
304
304
306
307
308
312
312
313
313
314
316
316
317
318
319
320
320
320
322
322
322
323
325
325
325
326
328
329
329
330
330
332
332
332
334
335
338
338
339
340
340
342
342
343
344
345
346
346
347
348
349
351
353
355
356
359
359
359
361
362
363
364
367
368
368
368
369
369
370
370
370
371
373
374
376
377
378
379
379
379
380
381
381
382
385
385
387
388
388
389
389
392
393
393
394
394
394
395
396
397
398
402
402
403
406
406
407
408
408
408
411
412
414
415
418
422
423
424
424
424
425
426
426
427
429
431
431
432
438
442
442
442
442
443
444
444
446
446
446
447
448
448
448
449
450
453
453
454
456
456
457
458
458
459
459
460
461
462
462
463
466
466
466
466
469
470
470
474
475
476
476
476
477
477
477
477
477
478
478
479
482
483
483
483
484
484
484
488
489
489
490
490
491
492
493
494
494
495
495
499
500
501
504
504
506
509
511
511
512
513
514
515
516
517
517
517
518
518
519
520
521
522
523
523
524
525
526
526
527
528
528
528
531
531
532
532
533
534
534
535
535
536
536
536
536
537
538
539
539
540
541
542
542
542
542
543
544
545
546
547
549
550
552
552
553
553
553
553
554
554
556
557
557
561
562
562
564
565
567
567
569
569
571
572
572
572
573
573
574
574
574
576
577
584
585
586
587
587
588
589
591
591
591
592
594
596
597
599
599
601
601
602
604
607
608
610
612
612
612
612
614
615
615
616
616
617
618
619
620
621
621
625
628
629
630
632
632
634
636
637
637
637
638
638
638
639
640
640
641
642
644
644
646
646
647
648
649
650
651
651
652
655
656
657
658
659
659
659
661
662
663
664
667
667
668
670
670
670
670
675
676
676
676
676
676
677
678
679
681
682
683
688
689
689
689
690
690
690
692
692
695
696
697
701
702
702
703
705
705
706
706
707
708
709
709
710
710
710
713
713
716
717
718
720
720
725
726
727
727
728
728
729
729
730
730
731
731
732
733
733
736
737
738
739
739
739
742
742
747
747
750
751
752
752
752
753
755
757
758
759
759
759
760
761
762
764
765
766
766
766
766
767
768
772
773
775
777
777
778
780
780
782
783
786
787
788
788
789
790
793
794
795
795
798
798
798
800
802
803
803
804
805
807
807
808
809
810
810
810
813
813
814
814
814
816
816
816
819
821
821
822
823
824
824
825
825
827
829
829
831
832
832
833
833
834
837
837
837
838
839
839
840
841
841
841
842
845
846
846
846
848
848
848
849
853
854
854
857
857
857
859
859
859
861
863
864
865
866
866
867
867
867
869
869
870
870
872
874
874
876
876
877
880
880
883
883
884
884
884
884
885
886
888
888
889
891
892
892
892
893
895
896
899
900
902
902
902
905
906
906
911
912
912
913
913
913
914
914
918
918
919
919
919
920
920
921
921
922
922
922
922
922
923
923
924
924
924
926
929
930
931
931
931
932
933
934
934
935
936
937
938
941
941
942
942
943
943
946
946
946
948
951
951
951
951
956
957
957
957
959
959
959
959
960
960
960
961
963
963
964
966
967
968
969
971
973
974
978
979
979
980
981
982
985
985
988
989
989
989
991
992
993
993
994
997
997
998
998
998
999
1001
1002
1003
1003
1005
1005
1006
1007
1007
1008
1008
1009
1009
1009
1011
1011
1011
1013
1013
1014
1014
1014
1015
1016
1016
1019
1020
1020
1020
1020
1020
1021
1021
1021
1024
1024
1026
1027
1027
1028
1028
1029
1029
1032
1032
1033
1033
1033
1034
1035
1036
1038
1039
1041
1041
1043
1044
1044
1045
1045
1045
1046
1046
1046
1046
1047
1047
1048
1050
1050
1050
1050
1053
1053
1054
1054
1054
1055
1057
1058
1059
1060
1062
1063
1063
1066
1066
1066
1067
1068
1068
1070
1070
1070
1071
1071
1072
1073
1073
1074
1075
1077
1078
1080
1085
1085
1089
1091
1091
1092
1092
1092
1095
1096
1096
1096
1097
1098
1100
1103
1104
1104
1105
1107
1107
1108
1109
1109
1109
1112
1113
1114
1114
1116
1117
1118
1119
1120
1120
1121
1122
1125
1125
1125
1126
1126
1127
1129
1129
1129
1130
1132
1132
1132
1133
1135
1135
1136
1137
1138
1138
1143
1143
1143
1147
1147
1148
1149
1150
1151
1151
1152
1152
1153
1154
1155
1157
1158
1158
1158
1161
1162
1163
1165
1166
1166
1167
1169
1170
1171
1172
1172
1172
1172
1172
1173
1174
1174
1175
1178
1179
1180
1181
1181
1182
1183
1185
1186
1186
1186
1187
1189
1189
1190
1190
1191
1191
1193
1193
1193
1194
1194
1195
1195
1196
1199
1201
1202
1202
1202
1203
1204
1204
1204
1205
1205
1207
1208
1209
1211
1214
1215
1215
1216
1216
1218
1221
1223
1223
1227
1228
1230
1235
1236
1238
1238
1239
1239
1239
1241
1241
1241
1242
1244
1244
1244
1245
1247
1248
1248
1248
1248
1249
1249
1253
1254
1255
1256
1257
1257
1260
1261
1262
1262
1262
1262
1266
1267
1270
1272
1272
1273
1273
1274
1274
1275
1276
1276
1277
1279
1280
1281
1282
1283
1284
1284
1290
1293
1294
1295
1297
1298
1300
1301
1302
1302
1302
1302
1304
1307
1308
1308
1308
1311
1311
1311
1312
1313
1314
1317
1317
1318
1321
1322
1323
1325
1326
1326
1326
1326
1328
1331
1332
1333
1334
1335
1337
1337
1338
1338
1339
1343
1343
1346
1347
1348
1350
1354
1356
1357
1357
1359
1360
1361
1363
1363
1363
1364
1365
1365
1365
1366
1367
1367
1367
1368
1371
1372
1372
1374
1375
1376
1377
1378
1380
1382
1382
1383
1384
1385
1385
1386
1387
1387
1388
1389
1389
1389
1392
1393
1395
1395
1396
1396
1396
1397
1398
1400
1404
1405
1406
1406
1407
1408
1408
1410
1410
1412
1412
1414
1416
1418
1420
1420
1421
1421
1423
1425
1426
1428
1429
1429
1430
1430
1431
1433
1434
1435
1436
1437
1438
1438
1439
1441
1442
1444
1445
1445
1446
1446
1447
1447
1448
1450
1451
1453
1453
1455
1456
1458
1461
1462
1464
1464
1466
1466
1469
1470
1470
1471
1472
1473
1474
1474
1475
1476
1477
1478
1481
1481
1483
1484
1484
1485
1485
1486
1489
1489
1489
1490
1490
1490
1492
1493
1494
1495
1496
1498
1498
1503
1507
1507
1508
1509
1509
1510
1510
1511
1511
1512
1513
1515
1515
1516
1520
1522
1522
1523
1523
1524
1524
1526
1529
1531
1532
1532
1533
1535
1536
1537
1539
1543
1543
1543
1545
1550
1557
1557
1557
1557
1559
1560
1560
1561
1562
1563
1564
1565
1566
1567
1568
1569
1572
1573
1575
1576
1578
1582
1582
1582
1583
1584
1584
1585
1587
1588
1588
1588
1593
1593
1594
1595
1599
1599
1600
1601
1602
1603
1603
1603
1604
1604
1605
1605
1607
1607
1609
1610
1611
1611
1612
1613
1613
1616
1617
1619
1619
1621
1621
1621
1623
1624
1624
1626
1626
1627
1627
1630
1632
1632
1632
1632
1634
1635
1635
1636
1637
1637
1638
1638
1641
1641
1642
1643
1644
1646
1647
1648
1649
1651
1651
1654
1654
1654
1656
1657
1657
1659
1660
1663
1664
1665
1666
1666
1668
1669
1669
1670
1671
1672
1672
1674
1674
1674
1674
1676
1677
1678
1678
1679
1680
1682
1682
1683
1684
1686
1688
1689
1689
1690
1690
1691
1693
1694
1694
1696
1697
1697
1698
1698
1698
1700
1700
1700
1702
1702
1702
1705
1705
1706
1707
1712
1712
1713
1714
1717
1717
1719
1720
1720
1720
1721
1722
1723
1724
1726
1727
1727
1728
1729
1731
1733
1733
1734
1735
1736
1736
1738
1739
1740
1740
1742
1743
1744
1744
1745
1745
1745
1745
1745
1749
1749
1749
1752
1752
1753
1755
1756
1756
1760
1760
1762
1763
1763
1763
1764
1766
1767
1768
1768
1769
1769
1770
1771
1773
1774
1775
1775
1777
1778
1779
1780
1780
1780
1780
1782
1783
1784
1785
1786
1787
1787
1789
1789
1791
1795
1797
1798
1799
1799
1799
1799
1800
1800
1801
1802
1810
1810
1812
1813
1815
1816
1817
1818
1820
1820
1820
1821
1822
1823
1823
1824
1824
1825
1825
1826
1826
1827
1828
1829
1830
1830
1830
1832
1832
1833
1833
1837
1837
1837
1840
1840
1841
1841
1841
1843
1843
1845
1846
1849
1850
1851
1852
1852
1855
1855
1856
1856
1858
1858
1860
1860
1860
1862
1862
1862
1862
1863
1867
1868
1868
1873
1873
1873
1874
1874
1874
1875
1876
1880
1882
1883
1885
1886
1889
1890
1892
1894
1894
1896
1896
1899
1901
1902
1902
1903
1905
1906
1907
1909
1911
1912
1914
1915
1915
1915
1915
1916
1918
1918
1920
1920
1922
1924
1925
1925
1926
1927
1928
1928
1929
1929
1930
1934
1935
1936
1938
1940
1940
1942
1943
1945
1945
1945
1945
1946
1947
1948
1950
1951
1952
1953
1954
1955
1957
1957
1960
1961
1962
1963
1963
1966
1966
1969
1969
1969
1972
1974
1974
1974
1975
1975
1976
1977
1977
1978
1978
1978
1978
1980
1982
1984
1985
1985
1986
1986
1987
1988
1988
1988
1991
1991
1992
1992
1993
1996
1996
1997
1997
1997
1998
1998
1999
2001
2002
2004
2004
2005
2005
2007
2007
2007
2009
2009
2009
2012
2014
2014
2015
2016
2017
2018
2018
2018
2020
2022
2023
2024
2025
2025
2025
2026
2026
2031
2031
2032
2034
2035
2036
2036
2036
2038
2038
2040
2042
2042
2042
2042
2043
2043
2043
2043
2044
2044
2048
2048
2049
2049
2049
2051
2051
2052
2052
2053
2054
2055
2056
2057
2057
2058
2059
2060
2061
2062
2062
2063
2063
2065
2067
2069
2069
2070
2071
2072
2073
2073
2074
2076
2076
2079
2079
2079
2079
2079
2080
2080
2080
2081
2083
2083
2083
2084
2085
2086
2088
2091
2094
2094
2095
2096
2096
2096
2099
2100
2101
2101
2102
2102
2103
2103
2103
2103
2105
2105
2105
2106
2107
2108
2112
2114
2115
2116
2117
2118
2118
2118
2120
2122
2123
2126
2127
2127
2128
2128
2129
2132
2134
2135
2135
2137
2139
2139
2140
2142
2142
2144
2146
2147
2150
2151
2151
2152
2153
2154
2154
2155
2156
2157
2160
2162
2162
2163
2163
2163
2163
2166
2168
2169
2169
2170
2171
2174
2174
2176
2176
2177
2179
2179
2180
2182
2182
2183
2183
2184
2188
2188
2188
2189
2192
2193
2193
2194
2197
2199
2200
2200
2202
2202
2202
2202
2202
2204
2204
2205
2206
2208
2209
2214
2214
2216
2216
2219
2219
2222
2222
2224
2226
2228
2229
2232
2232
2233
2234
2234
2239
2240
2241
2242
2244
2247
2247
2247
2248
2248
2250
2251
2252
2253
2254
2255
2256
2256
2259
2259
2259
2261
2261
2263
2264
2264
2265
2267
2269
2270
2270
2270
2270
2271
2271
2272
2274
2275
2276
2277
2278
2281
2283
2283
2284
2287
2287
2287
2288
2291
2291
2292
2292
2293
2293
2294
2295
2298
2301
2304
2305
2306
2309
2310
2310
2310
2313
2315
2315
2317
2317
2318
2319
2319
2320
2321
2321
2324
2324
2325
2326
2326
2327
2329
2329
2330
2331
2332
2332
2333
2334
2334
2337
2337
2338
2340
2341
2343
2343
2344
2345
2345
2346
2346
2348
2349
2349
2349
2351
2351
2352
2353
2353
2353
2354
2356
2356
2357
2359
2360
2360
2360
2361
2361
2366
2367
2367
2369
2369
2370
2371
2371
2372
2372
2373
2374
2376
2376
2376
2380
2380
2384
2387
2388
2389
2389
2389
2393
2394
2395
2396
2397
2397
2399
2399
2400
2402
2404
2405
2405
2405
2405
2410
2411
2412
2412
2413
2414
2414
2416
2416
2418
2419
2420
2421
2422
2422
2422
2424
2425
2429
2429
2430
2431
2431
2435
2435
2437
2438
2439
2440
2441
2442
2442
2442
2443
2443
2444
2446
2446
2447
2447
2448
2448
2451
2453
2454
2455
2455
2456
2456
2459
2459
2461
2461
2463
2463
2463
2465
2466
2466
2466
2469
2469
2470
2470
2471
2473
2473
2474
2476
2477
2477
2478
2480
2481
2484
2486
2486
2486
2487
2487
2487
2487
2487
2488
2488
2488
2490
2491
2492
2492
2492
2493
2495
2496
2496
2498
2499
2500
2501
2501
2501
2503
2505
2506
2506
2507
2508
2509
2510
2511
2511
2511
2514
2514
2517
2518
2518
2519
2520
2521
2523
2525
2527
2527
2529
2529
2530
2530
2531
2532
2532
2534
2535
2536
2536
2537
2537
2539
2541
2541
2545
2547
2547
2548
2549
2549
2554
2555
2557
2560
2560
2561
2561
2561
2562
2563
2563
2564
2564
2564
2565
2566
2566
2567
2567
2571
2571
2573
2575
2575
2577
2577
2579
2579
2579
2581
2582
2582
2583
2583
2584
2585
2587
2589
2590
2590
2590
2592
2593
2593
2594
2594
2594
2595
2602
2603
2603
2603
2604
2605
2605
2606
2607
2607
2607
2609
2610
2610
2611
2613
2614
2615
2615
2616
2617
2617
2618
2618
2618
2618
2618
2618
2620
2620
2621
2621
2621
2623
2624
2626
2626
2628
2629
2630
2631
2631
2631
2632
2636
2638
2638
2639
2642
2642
2644
2644
2646
2649
2650
2652
2652
2653
2653
2655
2656
2661
2661
2662
2663
2664
2664
2664
2664
2664
2664
2665
2665
2665
2666
2667
2667
2668
2669
2669
2677
2677
2680
2682
2682
2682
2683
2686
2687
2688
2690
2693
2693
2694
2694
2695
2696
2697
2699
2700
2701
2703
2703
2705
2707
2708
2712
2713
2714
2714
2714
2714
2715
2717
2717
2718
2718
2722
2724
2727
2727
2727
2727
2728
2730
2731
2731
2733
2733
2734
2735
2736
2738
2739
2740
2744
2745
2745
2745
2747
2748
2748
2748
2748
2749
2749
2750
2751
2751
2752
2753
2754
2757
2757
2758
2758
2760
2760
2762
2762
2764
2765
2765
2769
2771
2771
2771
2773
2775
2775
2776
2776
2777
2779
2779
2779
2780
2782
2782
2783
2784
2786
2787
2788
2790
2792
2794
2795
2795
2795
2796
2797
2797
2799
2799
2799
2800
2800
2800
2802
2802
2803
2803
2803
2803
2805
2810
2811
2814
2814
2815
2817
2817
2817
2818
2819
2820
2821
2821
2821
2830
2831
2831
2831
2832
2832
2832
2833
2833
2834
2834
2836
2837
2837
2842
2844
2845
2845
2845
2847
2848
2850
2850
2850
2850
2852
2852
2853
2853
2853
2853
2855
2855
2856
2857
2858
2860
2860
2860
2863
2863
2866
2867
2868
2870
2872
2873
2875
2876
2877
2878
2879
2880
2880
2881
2884
2884
2884
2885
2885
2886
2887
2887
2889
2890
2891
2892
2892
2893
2895
2897
2899
2900
2900
2901
2901
2902
2903
2907
2908
2909
2909
2909
2910
2911
2913
2914
2914
2916
2919
2920
2920
2920
2920
2921
2922
2923
2923
2924
2925
2925
2925
2926
2927
2927
2928
2929
2930
2931
2931
2932
2933
2935
2935
2938
2938
2939
2939
2945
2946
2946
2947
2947
2952
2952
2953
2954
2955
2955
2955
2957
2958
2961
2964
2969
2969
2970
2971
2971
2974
2974
2979
2979
2979
2979
2980
2980
2981
2982
2982
2983
2984
2984
2988
2989
2990
2990
2990
2991
2992
2993
2995
2996
2996
2998
3000
3000
3001
3002
3003
3006
3008
3009
3011
3012
3012
3015
3017
3018
3020
3021
3021
3021
3022
3022
3022
3022
3023
3025
3025
3027
3027
3028
3029
3030
3030
3030
3031
3031
3032
3033
3033
3034
3034
3034
3037
3040
3040
3041
3042
3044
3044
3047
3049
3051
3052
3054
3056
3057
3057
3059
3060
3061
3063
3065
3065
3067
3067
3069
3069
3069
3070
3071
3071
3072
3072
3072
3072
3072
3073
3074
3076
3077
3078
3079
3079
3079
3080
3080
3081
3082
3083
3085
3085
3085
3086
3086
3091
3091
3091
3092
3092
3092
3094
3095
3096
3097
3097
3097
3097
3099
3101
3101
3102
3103
3104
3104
3106
3108
3108
3108
3109
3110
3111
3111
3111
3112
3113
3114
3115
3116
3116
3117
3118
3118
3120
3120
3121
3122
3122
3123
3123
3123
3124
3125
3125
3125
3126
3126
3127
3128
3128
3129
3131
3132
3139
3139
3139
3140
3140
3140
3141
3141
3142
3142
3142
3144
3146
3147
3148
3151
3152
3153
3154
3154
3155
3156
3157
3159
3159
3159
3160
3162
3163
3163
3165
3166
3167
3167
3168
3170
3170
3171
3173
3174
3174
3175
3175
3176
3178
3179
3181
3183
3185
3186
3187
3188
3190
3190
3190
3191
3191
3191
3195
3195
3196
3196
3198
3199
3199
3202
3202
3203
3204
3208
3208
3209
3210
3210
3210
3210
3211
3211
3213
3213
3215
3217
3221
3221
3224
3224
3227
3227
3228
3230
3230
3231
3233
3234
3236
3238
3238
3238
3238
3238
3239
3239
3240
3240
3240
3241
3244
3245
3246
3246
3247
3247
3249
3249
3254
3256
3256
3256
3257
3258
3260
3261
3261
3268
3269
3272
3272
3272
3273
3275
3277
3278
3278
3279
3279
3279
3279
3281
3281
3281
3283
3284
3284
3286
3287
3289
3289
3289
3291
3291
3292
3292
3293
3294
3298
3299
3300
3300
3300
3301
3301
3301
3302
3302
3302
3302
3304
3304
3305
3305
3307
3307
3308
3310
3312
3312
3313
3313
3315
3315
3316
3317
3317
3317
3321
3321
3322
3322
3323
3324
3325
3325
3326
3327
3328
3331
3332
3332
3332
3333
3335
3336
3337
3340
3343
3343
3345
3346
3347
3347
3352
3354
3355
3356
3356
3361
3361
3363
3363
3364
3364
3364
3366
3367
3368
3369
3369
3369
3371
3371
3373
3373
3373
3373
3374
3375
3375
3376
3376
3377
3377
3378
3379
3380
3380
3380
3381
3381
3381
3382
3383
3383
3384
3385
3385
3388
3389
3391
3393
3394
3394
3395
3395
3396
3398
3398
3398
3399
3400
3400
3400
3401
3405
3406
3407
3408
3408
3408
3408
3409
3410
3411
3411
3413
3414
3418
3419
3419
3421
3422
3422
3423
3425
3425
3425
3429
3429
3429
3431
3433
3435
3436
3436
3436
3438
3438
3438
3440
3442
3443
3443
3443
3443
3444
3445
3446
3446
3447
3448
3449
3449
3450
3451
3452
3453
3454
3456
3457
3458
3458
3460
3461
3461
3462
3464
3465
3465
3465
3465
3467
3467
3467
3468
3470
3471
3471
3471
3472
3472
3475
3476
3479
3479
3480
3480
3481
3482
3483
3483
3485
3486
3486
3487
3488
3488
3491
3492
3494
3495
3496
3496
3497
3497
3498
3500
3500
3502
3506
3506
3506
3507
3508
3510
3510
3511
3512
3515
3516
3518
3520
3520
3521
3521
3523
3525
3526
3529
3531
3532
3533
3533
3534
3538
3538
3538
3538
3539
3540
3540
3541
3541
3541
3543
3544
3545
3545
3547
3548
3548
3548
3550
3554
3554
3554
3554
3556
3557
3557
3559
3560
3561
3565
3566
3567
3569
3569
3569
3569
3570
3570
3570
3574
3576
3577
3578
3578
3579
3579
3579
3580
3584
3585
3585
3585
3588
3589
3590
3591
3593
3595
3596
3597
3597
3598
3599
3600
3602
3602
3603
3604
3604
3611
3612
3613
3613
3613
3614
3614
3615
3617
3618
3619
3620
3621
3621
3622
3622
3623
3623
3623
3624
3624
3625
3625
3626
3627
3628
3629
3630
3631
3632
3632
3633
3633
3634
3634
3634
3636
3638
3639
3641
3642
3642
3645
3645
3646
3649
3652
3652
3654
3656
3656
3656
3656
3657
3658
3659
3659
3663
3664
3664
3665
3670
3670
3671
3672
3672
3674
3674
3676
3676
3677
3678
3679
3683
3684
3684
3687
3689
3689
3690
3691
3692
3694
3695
3697
3697
3698
3699
3699
3703
3703
3703
3705
3706
3706
3708
3710
3712
3714
3716
3718
3718
3719
3720
3721
3722
3722
3724
3725
3725
3725
3725
3725
3726
3726
3727
3727
3731
3731
3731
3732
3733
3734
3735
3735
3736
3736
3737
3738
3739
3742
3743
3745
3745
3746
3746
3748
3748
3748
3748
3748
3749
3749
3752
3753
3754
3755
3755
3755
3755
3756
3759
3760
3760
3760
3761
3762
3763
3765
3767
3767
3769
3769
3770
3771
3772
3772
3774
3774
3775
3776
3776
3780
3781
3782
3783
3783
3784
3785
3787
3789
3789
3793
3794
3794
3794
3795
3800
3800
3800
3800
3800
3801
3802
3803
3804
3804
3805
3806
3807
3807
3808
3813
3813
3815
3816
3817
3819
3821
3823
3823
3824
3825
3825
3827
3828
3829
3831
3833
3833
3834
3839
3840
3842
3843
3844
3844
3848
3848
3849
3849
3850
3851
3853
3855
3856
3858
3858
3858
3859
3860
3860
3862
3863
3863
3865
3865
3865
3865
3865
3866
3867
3867
3867
3871
3871
3873
3874
3877
3878
3878
3878
3878
3879
3881
3881
3882
3882
3885
3886
3887
3889
3890
3892
3893
3894
3895
3895
3897
3899
3901
3902
3903
3903
3905
3907
3908
3908
3909
3910
3910
3912
3912
3913
3914
3916
3916
3916
3917
3917
3918
3918
3919
3919
3920
3924
3924
3924
3925
3925
3926
3927
3927
3928
3929
3929
3929
3929
3930
3935
3937
3937
3939
3939
3940
3941
3943
3943
3943
3946
3946
3948
3949
3949
3950
3953
3954
3955
3956
3958
3958
3959
3960
3961
3961
3962
3962
3962
3963
3963
3964
3964
3965
3965
3966
3966
3968
3968
3970
3971
3972
3972
3973
3974
3974
3974
3974
3976
3977
3982
3983
3985
3986
3986
3988
3989
3991
3992
3994
3995
3996
3998
3998
3999
3999
4000
4001
4001
4003
4007
4008
4008
4009
4011
4012
4012
4014
4014
4014
4015
4015
4017
4019
4019
4021
4022
4023
4025
4027
4028
4029
4034
4037
4040
4041
4044
4045
4046
4047
4048
4048
4049
4049
4049
4049
4051
4053
4054
4054
4055
4056
4056
4057
4058
4059
4059
4059
4060
4060
4060
4061
4061
4062
4063
4063
4064
4065
4065
4066
4066
4068
4069
4070
4070
4070
4071
4072
4072
4072
4073
4074
4075
4076
4078
4081
4081
4082
4084
4084
4085
4087
4088
4088
4088
4090
4091
4092
4095
4098
4099
4100
4101
4102
4103
4103
4104
4106
4106
4106
4106
4107
4107
4109
4110
4112
4114
4114
4115
4115
4118
4118
4119
4121
4123
4124
4124
4128
4129
4131
4132
4132
4133
4133
4134
4134
4135
4135
4137
4137
4137
4139
4141
4142
4143
4144
4145
4145
4146
4148
4148
4149
4151
4152
4153
4154
4155
4157
4161
4161
4161
4162
4162
4162
4162
4162
4163
4164
4165
4167
4167
4168
4168
4169
4169
4169
4169
4170
4170
4172
4172
4173
4173
4177
4181
4181
4181
4184
4185
4186
4187
4188
4189
4190
4192
4195
4195
4197
4197
4198
4198
4200
4202
4202
4204
4204
4204
4206
4206
4206
4207
4207
4208
4208
4209
4209
4210
4211
4211
4212
4213
4213
4214
4214
4215
4217
4217
4217
4218
4219
4219
4219
4221
4221
4222
4223
4225
4226
4227
4227
4231
4232
4233
4233
4235
4235
4236
4238
4239
4239
4239
4239
4240
4240
4241
4244
4245
4245
4245
4245
4246
4247
4251
4255
4256
4256
4256
4257
4257
4258
4259
4260
4260
4264
4268
4268
4268
4269
4272
4272
4273
4274
4275
4279
4279
4280
4280
4281
4282
4283
4285
4287
4287
4288
4288
4288
4289
4290
4290
4290
4290
4291
4292
4293
4295
4296
4296
4297
4300
4301
4301
4302
4302
4303
4303
4304
4304
4304
4306
4307
4308
4309
4310
4310
4310
4311
4311
4312
4315
4315
4317
4317
4318
4318
4319
4320
4321
4324
4325
4326
4326
4327
4329
4329
4330
4332
4332
4333
4333
4335
4335
4336
4337
4337
4339
4340
4342
4343
4344
4345
4346
4346
4349
4349
4350
4350
4350
4353
4354
4355
4356
4356
4356
4357
4358
4358
4359
4359
4360
4365
4366
4368
4368
4372
4372
4372
4373
4373
4374
4376
4376
4377
4383
4383
4383
4384
4385
4385
4386
4386
4387
4387
4387
4388
4389
4389
4393
4394
4395
4395
4397
4398
4399
4399
4399
4400
4401
4401
4402
4404
4407
4411
4411
4411
4412
4413
4413
4413
4414
4414
4414
4415
4415
4415
4416
4418
4420
4420
4421
4422
4422
4423
4423
4424
4425
4426
4426
4426
4427
4427
4428
4428
4429
4429
4429
4430
4430
4432
4432
4432
4433
4434
4435
4436
4437
4438
4438
4441
4442
4443
4444
4444
4445
4445
4446
4447
4449
4449
4450
4450
4455
4455
4457
4457
4457
4458
4460
4460
4464
4465
4465
4465
4466
4469
4471
4471
4472
4472
4473
4474
4474
4476
4476
4477
4477
4478
4478
4479
4479
4479
4479
4480
4481
4482
4483
4484
4485
4485
4488
4490
4492
4492
4493
4494
4494
4494
4495
4496
4496
4497
4498
4498
4499
4500
4502
4503
4503
4504
4505
4506
4508
4510
4513
4514
4515
4515
4517
4517
4518
4518
4518
4518
4518
4518
4519
4519
4519
4519
4523
4527
4532
4534
4534
4534
4536
4536
4537
4537
4538
4539
4540
4540
4543
4544
4544
4544
4546
4546
4547
4548
4550
4551
4551
4552
4554
4555
4555
4556
4556
4558
4559
4560
4560
4564
4564
4565
4565
4566
4568
4569
4569
4570
4573
4573
4574
4575
4577
4578
4578
4579
4581
4582
4582
4585
4586
4586
4590
4590
4591
4593
4593
4594
4594
4595
4595
4596
4597
4599
4600
4600
4601
4601
4603
4605
4605
4607
4608
4610
4610
4611
4612
4614
4615
4616
4618
4620
4620
4623
4624
4624
4625
4625
4625
4627
4627
4632
4632
4633
4634
4635
4636
4636
4636
4638
4639
4639
4640
4641
4641
4644
4644
4645
4645
4646
4647
4650
4651
4653
4653
4654
4655
4657
4658
4660
4661
4662
4662
4662
4663
4663
4664
4666
4666
4666
4667
4668
4668
4671
4672
4673
4673
4674
4674
4674
4677
4678
4679
4680
4680
4681
4681
4682
4685
4685
4686
4686
4689
4689
4690
4690
4693
4696
4699
4700
4701
4701
4701
4702
4703
4704
4705
4707
4707
4710
4712
4713
4713
4713
4714
4714
4715
4716
4716
4717
4718
4718
4719
4722
4723
4725
4726
4727
4730
4731
4732
4734
4734
4735
4739
4744
4744
4745
4746
4749
4750
4751
4751
4753
4753
4754
4755
4758
4758
4759
4759
4760
4763
4766
4766
4767
4767
4768
4769
4770
4771
4774
4775
4777
4777
4779
4779
4779
4780
4780
4782
4784
4784
4785
4786
4786
4786
4788
4789
4789
4790
4790
4792
4792
4793
4794
4794
4795
4795
4795
4796
4799
4800
4800
4801
4803
4803
4804
4804
4805
4806
4806
4807
4810
4810
4810
4810
4810
4810
4811
4811
4812
4814
4814
4818
4818
4822
4822
4823
4826
4826
4828
4829
4831
4833
4834
4836
4840
4840
4840
4841
4842
4843
4844
4844
4844
4845
4848
4848
4849
4850
4850
4851
4851
4852
4852
4852
4853
4854
4856
4857
4858
4859
4863
4863
4864
4867
4867
4868
4870
4870
4871
4871
4871
4871
4873
4876
4876
4877
4877
4878
4879
4880
4882
4883
4883
4883
4886
4886
4890
4894
4894
4894
4895
4895
4895
4898
4899
4900
4900
4900
4901
4903
4904
4904
4904
4905
4905
4907
4909
4910
4910
4915
4915
4915
4918
4919
4919
4920
4922
4923
4923
4926
4926
4926
4927
4927
4928
4930
4930
4931
4932
4933
4933
4936
4937
4938
4938
4938
4938
4940
4940
4941
4941
4942
4946
4948
4950
4950
4951
4951
4951
4954
4955
4955
4956
4957
4960
4962
4962
4963
4964
4964
4965
4966
4966
4971
4971
4974
4976
4976
4977
4978
4979
4980
4981
4981
4982
4986
4986
4986
4987
4987
4988
4989
4991
4991
4994
4995
4997
4997
4999
5000
5002
5003
5003
5003
5004
5004
5006
5008
5009
5011
5012
5013
5013
5013
5017
5017
5018
5020
5022
5022
5023
5024
5025
5027
5027
5029
5030
5031
5031
5032
5032
5033
5034
5035
5035
5038
5038
5038
5039
5044
5044
5046
5047
5049
5049
5050
5050
5051
5051
5054
5055
5055
5055
5056
5057
5057
5060
5061
5065
5065
5065
5067
5068
5068
5068
5068
5070
5070
5070
5073
5073
5077
5078
5078
5078
5078
5079
5081
5082
5085
5087
5087
5088
5089
5090
5091
5091
5091
5091
5093
5093
5096
5096
5097
5098
5099
5100
5100
5101
5102
5102
5104
5105
5106
5106
5106
5107
5108
5108
5110
5112
5112
5113
5114
5114
5116
5116
5117
5117
5117
5118
5119
5119
5121
5122
5123
5123
5126
5127
5127
5127
5130
5130
5130
5131
5133
5136
5137
5138
5138
5138
5139
5141
5142
5144
5147
5148
5149
5151
5151
5153
5154
5155
5155
5157
5158
5158
5158
5160
5160
5160
5160
5160
5162
5162
5163
5163
5163
5164
5165
5165
5166
5166
5168
5172
5173
5174
5174
5174
5176
5177
5177
5177
5177
5179
5179
5180
5182
5184
5186
5186
5189
5189
5190
5192
5192
5192
5193
5194
5196
5199
5199
5200
5201
5201
5204
5205
5205
5206
5207
5208
5208
5209
5210
5210
5210
5211
5213
5214
5214
5215
5215
5216
5217
5217
5218
5219
5221
5223
5223
5225
5226
5228
5229
5229
5229
5230
5231
5233
5233
5233
5235
5238
5243
5245
5245
5247
5249
5250
5253
5253
5253
5253
5254
5254
5254
5255
5257
5258
5258
5258
5258
5259
5259
5259
5259
5259
5260
5261
5261
5263
5264
5264
5264
5265
5271
5271
5272
5273
5273
5274
5275
5279
5279
5279
5281
5282
5283
5283
5284
5286
5288
5289
5290
5290
5291
5293
5293
5294
5295
5296
5296
5297
5298
5299
5299
5301
5301
5302
5303
5303
5304
5309
5310
5311
5311
5312
5312
5313
5313
5313
5314
5314
5314
5315
5316
5316
5317
5318
5318
5321
5321
5326
5329
5330
5330
5333
5333
5334
5334
5336
5338
5338
5339
5343
5343
5343
5344
5346
5346
5347
5348
5349
5349
5350
5350
5350
5350
5351
5352
5354
5354
5355
5357
5358
5360
5362
5362
5364
5364
5365
5368
5369
5371
5375
5377
5377
5377
5381
5381
5382
5382
5385
5388
5392
5392
5393
5393
5394
5398
5398
5398
5399
5400
5404
5407
5407
5407
5408
5409
5409
5410
5410
5411
5411
5411
5413
5415
5416
5416
5419
5419
5422
5422
5422
5423
5424
5424
5425
5425
5426
5426
5426
5427
5427
5430
5431
5432
5433
5434
5439
5444
5445
5447
5448
5449
5450
5450
5453
5456
5457
5458
5460
5460
5460
5461
5461
5462
5462
5462
5462
5463
5464
5466
5466
5466
5466
5467
5467
5468
5471
5472
5472
5473
5473
5474
5474
5475
5476
5476
5477
5477
5478
5479
5479
5479
5480
5480
5481
5481
5482
5482
5483
5483
5483
5484
5485
5486
5487
5487
5487
5488
5488
5488
5491
5491
5492
5494
5494
5494
5496
5496
5501
5501
5504
5505
5506
5506
5507
5508
5509
5510
5511
5512
5512
5514
5516
5516
5516
5516
5517
5518
5520
5521
5521
5521
5522
5523
5524
5524
5525
5525
5526
5527
5527
5527
5528
5528
5529
5531
5532
5532
5532
5533
5535
5535
5535
5538
5540
5541
5542
5542
5542
5545
5548
5548
5548
5548
5549
5549
5550
5551
5552
5552
5554
5554
5555
5558
5559
5561
5561
5564
5566
5566
5566
5567
5568
5568
5569
5570
5570
5570
5572
5573
5573
5574
5574
5575
5576
5580
5581
5582
5583
5586
5589
5590
5590
5591
5593
5593
5594
5594
5595
5597
5599
5599
5601
5602
5603
5604
5605
5606
5606
5606
5606
5607
5608
5608
5609
5610
5610
5611
5611
5611
5612
5612
5612
5612
5613
5614
5615
5616
5619
5619
5619
5619
5619
5625
5626
5627
5627
5628
5629
5629
5630
5633
5634
5635
5636
5636
5638
5639
5639
5639
5640
5641
5643
5646
5646
5647
5647
5649
5649
5650
5651
5652
5652
5654
5655
5655
5655
5655
5655
5659
5660
5662
5663
5664
5665
5665
5665
5668
5669
5671
5672
5674
5675
5678
5679
5679
5680
5683
5683
5684
5684
5686
5687
5688
5689
5689
5689
5691
5691
5692
5692
5692
5692
5693
5695
5698
5698
5699
5699
5699
5700
5701
5703
5704
5704
5704
5705
5706
5706
5707
5708
5710
5711
5711
5715
5716
5716
5716
5717
5718
5720
5722
5724
5724
5724
5725
5726
5726
5726
5728
5728
5728
5730
5733
5733
5733
5735
5735
5736
5738
5739
5739
5740
5740
5741
5742
5743
5743
5744
5744
5744
5744
5745
5746
5747
5747
5748
5749
5751
5751
5751
5752
5752
5753
5755
5756
5758
5760
5760
5761
5762
5764
5766
5767
5768
5768
5769
5771
5771
5772
5773
5773
5775
5775
5777
5777
5777
5777
5779
5780
5780
5782
5782
5783
5784
5784
5786
5787
5788
5788
5788
5788
5788
5789
5792
5792
5795
5796
5797
5799
5799
5800
5801
5803
5804
5804
5804
5805
5806
5806
5808
5808
5808
5809
5810
5812
5813
5813
5813
5813
5814
5815
5815
5815
5816
5818
5819
5819
5821
5822
5822
5823
5823
5823
5824
5826
5826
5827
5827
5827
5829
5830
5830
5830
5831
5832
5833
5837
5837
5837
5838
5839
5840
5842
5842
5843
5843
5844
5844
5845
5847
5850
5850
5850
5851
5852
5853
5855
5857
5858
5859
5859
5859
5863
5863
5866
5866
5867
5868
5868
5869
5869
5869
5870
5870
5872
5872
5873
5874
5875
5875
5875
5876
5877
5877
5879
5881
5883
5884
5886
5888
5891
5892
5893
5893
5895
5895
5897
5897
5898
5898
5899
5899
5899
5900
5902
5903
5904
5906
5907
5907
5907
5912
5912
5912
5914
5916
5916
5918
5919
5920
5920
5923
5923
5924
5925
5925
5925
5927
5927
5929
5929
5932
5932
5933
5934
5934
5936
5937
5937
5939
5939
5939
5939
5940
5941
5941
5941
5943
5943
5944
5945
5945
5945
5945
5946
5947
5948
5948
5948
5948
5949
5950
5952
5960
5960
5961
5961
5962
5963
5964
5965
5965
5966
5966
5966
5969
5972
5973
5974
5975
5976
5977
5977
5978
5979
5980
5983
5983
5984
5984
5984
5985
5987
5987
5987
5988
5988
5989
5989
5990
5991
5991
5993
5993
5993
5993
5996
5998
6000
6001
6003
6003
6003
6005
6006
6006
6006
6006
6008
6011
6013
6016
6017
6018
6018
6019
6020
6021
6022
6023
6025
6025
6026
6026
6026
6027
6027
6027
6028
6029
6029
6030
6031
6031
6032
6032
6032
6034
6034
6036
6037
6038
6039
6044
6045
6047
6047
6047
6047
6049
6049
6050
6050
6052
6052
6052
6053
6055
6056
6057
6058
6058
6059
6060
6060
6061
6061
6061
6062
6062
6065
6067
6067
6068
6068
6068
6071
6073
6074
6075
6076
6076
6078
6078
6079
6079
6079
6080
6082
6084
6085
6087
6088
6089
6089
6090
6090
6090
6090
6091
6091
6093
6095
6096
6096
6097
6099
6100
6100
6101
6104
6105
6106
6109
6109
6110
6110
6111
6111
6111
6112
6112
6113
6113
6113
6114
6115
6117
6119
6119
6120
6120
6121
6122
6123
6124
6125
6125
6126
6128
6128
6129
6130
6131
6131
6133
6133
6135
6135
6137
6137
6137
6138
6139
6139
6140
6142
6142
6143
6143
6145
6147
6150
6151
6153
6154
6154
6155
6156
6158
6162
6165
6166
6170
6172
6173
6174
6174
6174
6176
6176
6176
6177
6178
6178
6179
6181
6183
6184
6184
6186
6186
6187
6187
6188
6188
6189
6189
6190
6190
6191
6191
6192
6195
6196
6198
6198
6203
6204
6204
6204
6206
6206
6206
6208
6210
6210
6211
6211
6211
6212
6212
6213
6213
6213
6213
6214
6214
6216
6217
6217
6217
6218
6218
6218
6218
6220
6221
6222
6222
6224
6224
6224
6225
6225
6226
6226
6227
6229
6232
6232
6233
6233
6235
6238
6238
6239
6239
6240
6240
6241
6241
6244
6245
6246
6246
6248
6248
6249
6250
6251
6251
6252
6252
6252
6254
6255
6258
6258
6261
6263
6264
6264
6270
6270
6272
6273
6273
6274
6276
6277
6277
6278
6278
6279
6285
6286
6286
6289
6289
6293
6293
6293
6294
6294
6295
6295
6295
6296
6296
6298
6298
6298
6300
6301
6302
6304
6306
6306
6308
6309
6310
6312
6313
6314
6314
6314
6315
6316
6316
6317
6317
6317
6320
6320
6321
6322
6322
6324
6326
6326
6328
6328
6331
6332
6332
6333
6334
6336
6336
6336
6338
6339
6340
6342
6343
6343
6345
6348
6348
6348
6348
6350
6351
6352
6352
6352
6354
6354
6354
6355
6356
6357
6357
6358
6359
6359
6362
6362
6362
6363
6363
6364
6364
6365
6365
6365
6367
6368
6369
6370
6373
6375
6376
6379
6380
6380
6381
6381
6382
6383
6383
6383
6384
6385
6388
6388
6388
6390
6390
6391
6392
6398
6398
6402
6402
6402
6403
6406
6407
6408
6408
6409
6409
6411
6413
6414
6415
6416
6416
6417
6417
6418
6421
6421
6421
6421
6422
6422
6422
6423
6424
6424
6426
6426
6427
6428
6432
6432
6433
6435
6435
6438
6439
6440
6440
6440
6444
6444
6445
6446
6447
6448
6448
6448
6449
6449
6451
6453
6454
6456
6457
6457
6460
6461
6462
6463
6464
6464
6466
6466
6467
6467
6469
6469
6470
6470
6471
6475
6476
6478
6478
6478
6478
6478
6478
6480
6481
6481
6481
6482
6483
6484
6486
6489
6490
6491
6491
6493
6493
6496
6496
6496
6502
6505
6506
6507
6507
6510
6510
6511
6512
6516
6518
6518
6518
6519
6519
6520
6520
6521
6523
6523
6523
6525
6526
6530
6530
6531
6533
6533
6533
6534
6534
6535
6537
6537
6538
6538
6538
6539
6543
6543
6545
6546
6546
6546
6547
6547
6547
6549
6550
6553
6553
6554
6555
6556
6556
6556
6557
6559
6561
6562
6563
6567
6567
6567
6568
6569
6569
6569
6570
6573
6574
6575
6577
6577
6577
6578
6578
6578
6579
6579
6581
6583
6584
6584
6586
6587
6587
6588
6590
6591
6591
6591
6593
6594
6595
6595
6596
6599
6599
6600
6601
6601
6602
6604
6604
6604
6605
6606
6609
6609
6609
6609
6611
6612
6613
6613
6614
6618
6620
6622
6622
6624
6625
6626
6627
6627
6629
6629
6633
6635
6635
6636
6636
6637
6637
6638
6640
6641
6642
6644
6645
6647
6648
6649
6651
6652
6653
6653
6655
6655
6657
6657
6657
6659
6659
6660
6661
6662
6662
6663
6664
6664
6665
6667
6668
6670
6670
6671
6671
6675
6677
6679
6680
6681
6681
6683
6685
6685
6687
6687
6688
6688
6688
6689
6690
6693
6693
6694
6694
6694
6695
6699
6701
6701
6701
6701
6702
6702
6702
6702
6703
6704
6704
6705
6705
6705
6708
6710
6711
6711
6711
6712
6712
6714
6716
6717
6719
6719
6719
6719
6720
6721
6722
6722
6722
6724
6725
6725
6725
6730
6730
6732
6733
6734
6735
6737
6738
6738
6740
6740
6740
6741
6742
6744
6746
6747
6747
6748
6752
6752
6752
6757
6759
6759
6760
6761
6763
6763
6765
6766
6766
6767
6768
6768
6769
6770
6770
6771
6771
6771
6771
6774
6775
6775
6775
6775
6776
6776
6780
6781
6781
6781
6782
6783
6783
6785
6787
6788
6792
6792
6792
6797
6798
6798
6800
6801
6805
6805
6806
6806
6806
6807
6807
6808
6808
6809
6810
6812
6813
6813
6814
6815
6818
6818
6819
6819
6821
6821
6823
6824
6824
6824
6825
6829
6829
6830
6831
6834
6835
6837
6838
6838
6838
6840
6840
6841
6842
6845
6847
6847
6847
6847
6847
6848
6849
6850
6850
6851
6852
6853
6855
6855
6857
6857
6857
6857
6858
6859
6860
6860
6861
6862
6864
6865
6866
6869
6871
6872
6873
6875
6875
6875
6876
6876
6877
6880
6880
6881
6881
6882
6882
6883
6884
6886
6887
6888
6889
6890
6890
6890
6892
6893
6894
6898
6900
6901
6901
6904
6906
6907
6907
6908
6908
6908
6909
6909
6909
6910
6911
6911
6912
6912
6913
6914
6914
6915
6916
6916
6920
6920
6922
6923
6923
6924
6924
6927
6927
6927
6929
6930
6933
6933
6934
6936
6936
6938
6941
6941
6946
6946
6947
6949
6950
6950
6950
6950
6951
6951
6953
6954
6955
6956
6957
6958
6960
6961
6962
6962
6962
6966
6966
6967
6967
6967
6969
6969
6971
6972
6975
6975
6976
6978
6979
6979
6980
6981
6983
6984
6985
6985
6985
6985
6986
6986
6986
6987
6987
6988
6988
6989
6989
6990
6990
6992
6993
6994
6994
6997
6997
6997
6997
6998
6998
6999
7000
7002
7002
7005
7006
7008
7009
7010
7010
7011
7011
7012
7012
7013
7013
7015
7016
7017
7018
7019
7022
7022
7023
7025
7026
7027
7027
7031
7031
7031
7032
7032
7032
7033
7034
7034
7035
7036
7037
7037
7038
7039
7039
7040
7040
7041
7042
7043
7043
7043
7044
7045
7046
7047
7047
7050
7050
7052
7054
7054
7055
7055
7057
7057
7058
7059
7059
7060
7062
7063
7065
7065
7065
7066
7068
7068
7069
7072
7072
7072
7072
7073
7074
7074
7074
7075
7076
7077
7078
7078
7079
7084
7085
7085
7085
7086
7087
7087
7090
7090
7091
7091
7091
7092
7092
7092
7094
7096
7102
7102
7102
7105
7105
7105
7106
7106
7107
7107
7107
7107
7110
7110
7110
7110
7111
7112
7116
7116
7116
7117
7117
7119
7120
7121
7121
7122
7123
7123
7124
7125
7127
7127
7129
7131
7131
7131
7136
7138
7139
7140
7141
7143
7143
7143
7145
7145
7147
7147
7148
7151
7151
7152
7153
7155
7157
7161
7162
7164
7165
7166
7169
7169
7170
7171
7173
7173
7175
7177
7179
7180
7181
7181
7182
7183
7185
7185
7186
7186
7187
7188
7190
7192
7192
7193
7193
7195
7196
7197
7197
7201
7201
7202
7203
7206
7206
7206
7207
7207
7209
7209
7209
7210
7212
7215
7216
7218
7218
7223
7224
7224
7226
7228
7228
7229
7230
7230
7231
7231
7233
7234
7234
7235
7237
7239
7239
7242
7242
7245
7245
7247
7248
7249
7250
7250
7250
7253
7254
7256
7256
7257
7259
7259
7261
7261
7264
7265
7268
7269
7270
7270
7271
7271
7272
7272
7273
7273
7273
7273
7275
7276
7277
7279
7280
7281
7282
7283
7284
7285
7285
7285
7286
7287
7288
7289
7291
7291
7292
7292
7292
7294
7294
7294
7296
7297
7298
7301
7302
7305
7305
7306
7307
7308
7309
7310
7310
7314
7315
7316
7317
7318
7318
7318
7318
7321
7322
7323
7324
7326
7326
7327
7327
7328
7330
7332
7332
7333
7334
7335
7338
7343
7343
7345
7345
7345
7346
7348
7349
7349
7350
7350
7351
7351
7353
7353
7353
7354
7356
7358
7359
7360
7362
7363
7365
7366
7370
7371
7371
7372
7374
7375
7377
7378
7378
7379
7379
7380
7380
7381
7383
7384
7389
7395
7396
7397
7399
7399
7399
7401
7404
7404
7406
7407
7407
7410
7412
7412
7412
7414
7414
7414
7414
7416
7416
7417
7417
7417
7418
7419
7420
7420
7423
7423
7423
7426
7427
7428
7430
7431
7431
7432
7432
7432
7432
7433
7434
7438
7438
7439
7442
7443
7444
7445
7445
7445
7445
7447
7451
7454
7455
7456
7460
7460
7461
7461
7463
7464
7466
7466
7467
7467
7467
7469
7469
7470
7470
7473
7474
7474
7475
7476
7477
7482
7482
7482
7484
7485
7486
7487
7487
7487
7488
7489
7489
7490
7491
7493
7494
7494
7494
7495
7495
7496
7500
7502
7502
7503
7504
7505
7506
7507
7508
7508
7509
7510
7511
7513
7513
7513
7514
7515
7516
7517
7518
7519
7520
7522
7523
7524
7525
7525
7526
7527
7527
7530
7530
7531
7533
7534
7534
7536
7538
7538
7539
7539
7540
7541
7541
7542
7542
7543
7543
7544
7548
7548
7548
7548
7549
7550
7551
7553
7553
7553
7556
7558
7559
7561
7561
7561
7561
7564
7564
7565
7565
7566
7566
7568
7568
7568
7569
7569
7570
7571
7572
7572
7572
7573
7573
7573
7575
7576
7576
7577
7577
7582
7582
7583
7584
7584
7584
7585
7586
7586
7587
7588
7589
7589
7589
7590
7590
7591
7591
7592
7593
7594
7595
7595
7596
7596
7597
7598
7598
7598
7598
7602
7602
7604
7606
7606
7610
7610
7612
7612
7613
7613
7613
7614
7615
7616
7616
7618
7621
7621
7624
7624
7627
7627
7628
7629
7630
7632
7632
7633
7634
7635
7635
7637
7638
7639
7641
7641
7642
7642
7643
7644
7644
7645
7645
7647
7649
7649
7649
7650
7651
7653
7655
7656
7661
7662
7663
7663
7664
7664
7665
7666
7667
7667
7667
7668
7668
7669
7672
7672
7674
7675
7675
7676
7677
7678
7680
7680
7680
7680
7681
7684
7687
7687
7688
7692
7693
7693
7694
7696
7696
7697
7698
7698
7701
7702
7702
7702
7702
7704
7705
7705
7706
7706
7706
7707
7707
7708
7708
7710
7715
7717
7722
7724
7725
7725
7728
7728
7728
7729
7731
7732
7732
7734
7735
7736
7736
7737
7738
7738
7740
7741
7742
7745
7745
7746
7747
7749
7750
7750
7751
7752
7752
7756
7760
7761
7762
7762
7763
7763
7764
7766
7766
7768
7771
7771
7772
7772
7772
7772
7773
7773
7774
7775
7775
7775
7776
7777
7778
7779
7783
7783
7785
7788
7790
7790
7790
7790
7791
7791
7793
7793
7793
7793
7794
7794
7794
7795
7799
7800
7800
7801
7801
7802
7803
7804
7805
7805
7805
7805
7805
7806
7806
7807
7807
7808
7808
7810
7811
7812
7814
7815
7815
7815
7815
7816
7817
7817
7818
7818
7818
7820
7822
7822
7822
7822
7823
7824
7824
7824
7825
7825
7825
7826
7826
7827
7827
7828
7830
7831
7831
7831
7835
7837
7837
7837
7839
7840
7840
7842
7843
7844
7845
7846
7847
7848
7849
7849
7850
7850
7851
7851
7852
7853
7854
7854
7855
7856
7856
7856
7856
7857
7858
7858
7859
7859
7859
7862
7862
7863
7863
7864
7865
7865
7867
7867
7869
7870
7871
7873
7873
7873
7874
7875
7877
7878
7879
7880
7880
7881
7882
7882
7882
7883
7884
7885
7886
7887
7889
7890
7890
7891
7891
7892
7892
7896
7897
7897
7897
7899
7899
7902
7902
7903
7903
7904
7906
7908
7909
7911
7914
7915
7916
7917
7919
7921
7921
7922
7925
7925
7925
7926
7926
7928
7928
7930
7931
7934
7934
7934
7935
7935
7936
7937
7937
7940
7940
7941
7942
7942
7942
7944
7945
7945
7947
7947
7949
7950
7951
7951
7951
7952
7953
7954
7954
7955
7955
7956
7958
7961
7961
7965
7966
7967
7967
7967
7967
7970
7971
7973
7973
7974
7975
7975
7976
7976
7976
7977
7977
7978
7978
7980
7980
7980
7980
7981
7981
7981
7982
7983
7983
7983
7983
7985
7989
7990
7992
7994
7995
7995
7996
7997
7998
7998
8000
8001
8001
8001
8004
8007
8008
8009
8010
8011
8011
8014
8014
8015
8015
8016
8017
8019
8021
8021
8023
8026
8026
8026
8028
8029
8030
8031
8032
8033
8034
8035
8035
8036
8037
8038
8038
8039
8039
8040
8042
8043
8043
8044
8045
8047
8048
8049
8050
8050
8051
8051
8052
8052
8052
8052
8055
8058
8058
8060
8060
8064
8064
8064
8065
8065
8065
8066
8067
8067
8071
8071
8071
8071
8072
8072
8074
8075
8075
8076
8077
8077
8077
8077
8079
8080
8080
8081
8082
8085
8087
8092
8093
8093
8094
8095
8096
8100
8101
8102
8102
8102
8106
8108
8110
8111
8114
8115
8118
8118
8121
8121
8125
8125
8125
8126
8127
8127
8127
8130
8132
8133
8135
8135
8136
8136
8136
8137
8137
8139
8139
8140
8141
8141
8141
8142
8144
8145
8147
8150
8152
8153
8153
8157
8159
8161
8162
8164
8164
8164
8165
8168
8168
8170
8172
8172
8175
8175
8176
8177
8179
8179
8179
8180
8181
8181
8181
8181
8182
8183
8184
8185
8186
8188
8188
8188
8190
8191
8192
8192
8192
